img,index,title,url,year,rating
https://m.media-amazon.com/images/G/01/imdb/images/nopicture/large/film-184890147._CB470041630_.png,1,The Shawshank Redemption,/title/tt0111161/,1994,9.3
https://m.media-amazon.com/images/G/01/imdb/images/nopicture/large/film-184890147._CB470041630_.png,2,The Godfather,/title/tt0068646/,1972,9.2
https://m.media-amazon.com/images/G/01/imdb/images/nopicture/large/film-184890147._CB470041630_.png,3,The Dark Knight,/title/tt0468569/,2008,9
https://m.media-amazon.com/images/G/01/imdb/images/nopicture/large/film-184890147._CB470041630_.png,4,The Godfather: Part II,/title/tt0071562/,1974,9
https://m.media-amazon.com/images/G/01/imdb/images/nopicture/large/film-184890147._CB470041630_.png,5,The Lord of the Rings: The Return of the King,/title/tt0167260/,2003,8.9
https://m.media-amazon.com/images/G/01/imdb/images/nopicture/large/film-184890147._CB470041630_.png,6,Pulp Fiction,/title/tt0110912/,1994,8.9
https://m.media-amazon.com/images/G/01/imdb/images/nopicture/large/film-184890147._CB470041630_.png,7,Schindler's List,/title/tt0108052/,1993,8.9
https://m.media-amazon.com/images/G/01/imdb/images/nopicture/large/film-184890147._CB470041630_.png,8,12 Angry Men,/title/tt0050083/,1957,8.9
https://m.media-amazon.com/images/G/01/imdb/images/nopicture/large/film-184890147._CB470041630_.png,9,Inception,/title/tt1375666/,2010,8.8
https://m.media-amazon.com/images/G/01/imdb/images/nopicture/large/film-184890147._CB470041630_.png,10,Fight Club,/title/tt0137523/,1999,8.8
https://m.media-amazon.com/images/G/01/imdb/images/nopicture/large/film-184890147._CB470041630_.png,11,The Lord of the Rings: The Fellowship of the Ring,/title/tt0120737/,2001,8.8
https://m.media-amazon.com/images/G/01/imdb/images/nopicture/large/film-184890147._CB470041630_.png,12,Forrest Gump,/title/tt0109830/,1994,8.8
https://m.media-amazon.com/images/G/01/imdb/images/nopicture/large/film-184890147._CB470041630_.png,13,"The Good, the Bad and the Ugly",/title/tt0060196/,1966,8.8
https://m.media-amazon.com/images/G/01/imdb/images/nopicture/large/film-184890147._CB470041630_.png,14,Joker,/title/tt7286456/,2019,8.7
https://m.media-amazon.com/images/G/01/imdb/images/nopicture/large/film-184890147._CB470041630_.png,15,The Lord of the Rings: The Two Towers,/title/tt0167261/,2002,8.7
https://m.media-amazon.com/images/G/01/imdb/images/nopicture/large/film-184890147._CB470041630_.png,16,The Matrix,/title/tt0133093/,1999,8.7
https://m.media-amazon.com/images/G/01/imdb/images/nopicture/large/film-184890147._CB470041630_.png,17,Goodfellas,/title/tt0099685/,1990,8.7
https://m.media-amazon.com/images/G/01/imdb/images/nopicture/large/film-184890147._CB470041630_.png,18,Star Wars: Episode V - The Empire Strikes Back,/title/tt0080684/,1980,8.7
https://m.media-amazon.com/images/G/01/imdb/images/nopicture/large/film-184890147._CB470041630_.png,19,One Flew Over the Cuckoo's Nest,/title/tt0073486/,1975,8.7
https://m.media-amazon.com/images/G/01/imdb/images/nopicture/large/film-184890147._CB470041630_.png,20,Harakiri,/title/tt0056058/,1962,8.7
https://m.media-amazon.com/images/G/01/imdb/images/nopicture/large/film-184890147._CB470041630_.png,21,Parasite,/title/tt6751668/,2019,8.6
https://m.media-amazon.com/images/G/01/imdb/images/nopicture/large/film-184890147._CB470041630_.png,22,Interstellar,/title/tt0816692/,2014,8.6
https://m.media-amazon.com/images/G/01/imdb/images/nopicture/large/film-184890147._CB470041630_.png,23,City of God,/title/tt0317248/,2002,8.6
https://m.media-amazon.com/images/G/01/imdb/images/nopicture/large/film-184890147._CB470041630_.png,24,Spirited Away,/title/tt0245429/,2001,8.6
https://m.media-amazon.com/images/G/01/imdb/images/nopicture/large/film-184890147._CB470041630_.png,25,Saving Private Ryan,/title/tt0120815/,1998,8.6
https://m.media-amazon.com/images/G/01/imdb/images/nopicture/large/film-184890147._CB470041630_.png,26,The Green Mile,/title/tt0120689/,1999,8.6
https://m.media-amazon.com/images/G/01/imdb/images/nopicture/large/film-184890147._CB470041630_.png,27,Life Is Beautiful,/title/tt0118799/,1997,8.6
https://m.media-amazon.com/images/G/01/imdb/images/nopicture/large/film-184890147._CB470041630_.png,28,Se7en,/title/tt0114369/,1995,8.6
https://m.media-amazon.com/images/G/01/imdb/images/nopicture/large/film-184890147._CB470041630_.png,29,The Silence of the Lambs,/title/tt0102926/,1991,8.6
https://m.media-amazon.com/images/G/01/imdb/images/nopicture/large/film-184890147._CB470041630_.png,30,Star Wars: Episode IV - A New Hope,/title/tt0076759/,1977,8.6
https://m.media-amazon.com/images/G/01/imdb/images/nopicture/large/film-184890147._CB470041630_.png,31,Seven Samurai,/title/tt0047478/,1954,8.6
https://m.media-amazon.com/images/G/01/imdb/images/nopicture/large/film-184890147._CB470041630_.png,32,It's a Wonderful Life,/title/tt0038650/,1946,8.6
https://m.media-amazon.com/images/G/01/imdb/images/nopicture/large/film-184890147._CB470041630_.png,33,Ayla: The Daughter of War,/title/tt6316138/,2017,8.5
https://m.media-amazon.com/images/G/01/imdb/images/nopicture/large/film-184890147._CB470041630_.png,34,Avengers: Endgame,/title/tt4154796/,2019,8.5
https://m.media-amazon.com/images/G/01/imdb/images/nopicture/large/film-184890147._CB470041630_.png,35,Avengers: Infinity War,/title/tt4154756/,2018,8.5
https://m.media-amazon.com/images/G/01/imdb/images/nopicture/large/film-184890147._CB470041630_.png,36,Drishyam,/title/tt3417422/,2013,8.5
https://m.media-amazon.com/images/G/01/imdb/images/nopicture/large/film-184890147._CB470041630_.png,37,Whiplash,/title/tt2582802/,2014,8.5
https://m.media-amazon.com/images/G/01/imdb/images/nopicture/large/film-184890147._CB470041630_.png,38,The Intouchables,/title/tt1675434/,2011,8.5
https://m.media-amazon.com/images/G/01/imdb/images/nopicture/large/film-184890147._CB470041630_.png,39,The Prestige,/title/tt0482571/,2006,8.5
https://m.media-amazon.com/images/G/01/imdb/images/nopicture/large/film-184890147._CB470041630_.png,40,The Departed,/title/tt0407887/,2006,8.5
https://m.media-amazon.com/images/G/01/imdb/images/nopicture/large/film-184890147._CB470041630_.png,41,The Pianist,/title/tt0253474/,2002,8.5
https://m.media-amazon.com/images/G/01/imdb/images/nopicture/large/film-184890147._CB470041630_.png,42,Gladiator,/title/tt0172495/,2000,8.5
https://m.media-amazon.com/images/G/01/imdb/images/nopicture/large/film-184890147._CB470041630_.png,43,American History X,/title/tt0120586/,1998,8.5
https://m.media-amazon.com/images/G/01/imdb/images/nopicture/large/film-184890147._CB470041630_.png,44,The Usual Suspects,/title/tt0114814/,1995,8.5
https://m.media-amazon.com/images/G/01/imdb/images/nopicture/large/film-184890147._CB470041630_.png,45,Léon: The Professional,/title/tt0110413/,1994,8.5
https://m.media-amazon.com/images/G/01/imdb/images/nopicture/large/film-184890147._CB470041630_.png,46,The Lion King,/title/tt0110357/,1994,8.5
https://m.media-amazon.com/images/G/01/imdb/images/nopicture/large/film-184890147._CB470041630_.png,47,Terminator 2: Judgment Day,/title/tt0103064/,1991,8.5
https://m.media-amazon.com/images/G/01/imdb/images/nopicture/large/film-184890147._CB470041630_.png,48,Cinema Paradiso,/title/tt0095765/,1988,8.5
https://m.media-amazon.com/images/G/01/imdb/images/nopicture/large/film-184890147._CB470041630_.png,49,Grave of the Fireflies,/title/tt0095327/,1988,8.5
https://m.media-amazon.com/images/G/01/imdb/images/nopicture/large/film-184890147._CB470041630_.png,50,Back to the Future,/title/tt0088763/,1985,8.5
https://m.media-amazon.com/images/G/01/imdb/images/nopicture/large/film-184890147._CB470041630_.png,51,Once Upon a Time in the West,/title/tt0064116/,1968,8.5
https://m.media-amazon.com/images/G/01/imdb/images/nopicture/large/film-184890147._CB470041630_.png,52,Psycho,/title/tt0054215/,1960,8.5
https://m.media-amazon.com/images/G/01/imdb/images/nopicture/large/film-184890147._CB470041630_.png,53,Casablanca,/title/tt0034583/,1942,8.5
https://m.media-amazon.com/images/G/01/imdb/images/nopicture/large/film-184890147._CB470041630_.png,54,The Great Dictator,/title/tt0032553/,1940,8.5
https://m.media-amazon.com/images/G/01/imdb/images/nopicture/large/film-184890147._CB470041630_.png,55,Modern Times,/title/tt0027977/,1936,8.5
https://m.media-amazon.com/images/G/01/imdb/images/nopicture/large/film-184890147._CB470041630_.png,56,City Lights,/title/tt0021749/,1931,8.5
https://m.media-amazon.com/images/G/01/imdb/images/nopicture/large/film-184890147._CB470041630_.png,57,Uri: The Surgical Strike,/title/tt8291224/,2019,8.4
https://m.media-amazon.com/images/G/01/imdb/images/nopicture/large/film-184890147._CB470041630_.png,58,Capernaum,/title/tt8267604/,2018,8.4
https://m.media-amazon.com/images/G/01/imdb/images/nopicture/large/film-184890147._CB470041630_.png,59,Andhadhun,/title/tt8108198/,2018,8.4
https://m.media-amazon.com/images/G/01/imdb/images/nopicture/large/film-184890147._CB470041630_.png,60,Your Name.,/title/tt5311514/,2016,8.4
https://m.media-amazon.com/images/G/01/imdb/images/nopicture/large/film-184890147._CB470041630_.png,61,Dangal,/title/tt5074352/,2016,8.4
https://m.media-amazon.com/images/G/01/imdb/images/nopicture/large/film-184890147._CB470041630_.png,62,Spider-Man: Into the Spider-Verse,/title/tt4633694/,2018,8.4
https://m.media-amazon.com/images/G/01/imdb/images/nopicture/large/film-184890147._CB470041630_.png,63,Coco,/title/tt2380307/,I 2017,8.4
https://m.media-amazon.com/images/G/01/imdb/images/nopicture/large/film-184890147._CB470041630_.png,64,Django Unchained,/title/tt1853728/,2012,8.4
https://m.media-amazon.com/images/G/01/imdb/images/nopicture/large/film-184890147._CB470041630_.png,65,The Dark Knight Rises,/title/tt1345836/,2012,8.4
https://m.media-amazon.com/images/G/01/imdb/images/nopicture/large/film-184890147._CB470041630_.png,66,3 Idiots,/title/tt1187043/,2009,8.4
https://m.media-amazon.com/images/G/01/imdb/images/nopicture/large/film-184890147._CB470041630_.png,67,Taare Zameen Par,/title/tt0986264/,2007,8.4
https://m.media-amazon.com/images/G/01/imdb/images/nopicture/large/film-184890147._CB470041630_.png,68,WALL·E,/title/tt0910970/,2008,8.4
https://m.media-amazon.com/images/G/01/imdb/images/nopicture/large/film-184890147._CB470041630_.png,69,The Lives of Others,/title/tt0405094/,2006,8.4
https://m.media-amazon.com/images/G/01/imdb/images/nopicture/large/film-184890147._CB470041630_.png,70,Oldboy,/title/tt0364569/,2003,8.4
https://m.media-amazon.com/images/G/01/imdb/images/nopicture/large/film-184890147._CB470041630_.png,71,Memento,/title/tt0209144/,2000,8.4
https://m.media-amazon.com/images/G/01/imdb/images/nopicture/large/film-184890147._CB470041630_.png,72,Princess Mononoke,/title/tt0119698/,1997,8.4
https://m.media-amazon.com/images/G/01/imdb/images/nopicture/large/film-184890147._CB470041630_.png,73,Once Upon a Time in America,/title/tt0087843/,1984,8.4
https://m.media-amazon.com/images/G/01/imdb/images/nopicture/large/film-184890147._CB470041630_.png,74,Raiders of the Lost Ark,/title/tt0082971/,1981,8.4
https://m.media-amazon.com/images/G/01/imdb/images/nopicture/large/film-184890147._CB470041630_.png,75,The Shining,/title/tt0081505/,1980,8.4
https://m.media-amazon.com/images/G/01/imdb/images/nopicture/large/film-184890147._CB470041630_.png,76,Apocalypse Now,/title/tt0078788/,1979,8.4
https://m.media-amazon.com/images/G/01/imdb/images/nopicture/large/film-184890147._CB470041630_.png,77,Alien,/title/tt0078748/,1979,8.4
https://m.media-amazon.com/images/G/01/imdb/images/nopicture/large/film-184890147._CB470041630_.png,78,Dr. Strangelove or: How I Learned to Stop Worrying and Love the Bomb,/title/tt0057012/,1964,8.4
https://m.media-amazon.com/images/G/01/imdb/images/nopicture/large/film-184890147._CB470041630_.png,79,Witness for the Prosecution,/title/tt0051201/,1957,8.4
https://m.media-amazon.com/images/G/01/imdb/images/nopicture/large/film-184890147._CB470041630_.png,80,Paths of Glory,/title/tt0050825/,1957,8.4
https://m.media-amazon.com/images/G/01/imdb/images/nopicture/large/film-184890147._CB470041630_.png,81,Rear Window,/title/tt0047396/,1954,8.4
https://m.media-amazon.com/images/G/01/imdb/images/nopicture/large/film-184890147._CB470041630_.png,82,Sunset Blvd.,/title/tt0043014/,1950,8.4
https://m.media-amazon.com/images/G/01/imdb/images/nopicture/large/film-184890147._CB470041630_.png,83,Klaus,/title/tt4729430/,2019,8.3
https://m.media-amazon.com/images/G/01/imdb/images/nopicture/large/film-184890147._CB470041630_.png,84,The Hunt,/title/tt2106476/,2012,8.3
https://m.media-amazon.com/images/G/01/imdb/images/nopicture/large/film-184890147._CB470041630_.png,85,Ford v Ferrari,/title/tt1950186/,2019,8.3
https://m.media-amazon.com/images/G/01/imdb/images/nopicture/large/film-184890147._CB470041630_.png,86,A Separation,/title/tt1832382/,2011,8.3
https://m.media-amazon.com/images/G/01/imdb/images/nopicture/large/film-184890147._CB470041630_.png,87,Incendies,/title/tt1255953/,2010,8.3
https://m.media-amazon.com/images/G/01/imdb/images/nopicture/large/film-184890147._CB470041630_.png,88,My Father and My Son,/title/tt0476735/,2005,8.3
https://m.media-amazon.com/images/G/01/imdb/images/nopicture/large/film-184890147._CB470041630_.png,89,Toy Story 3,/title/tt0435761/,2010,8.3
https://m.media-amazon.com/images/G/01/imdb/images/nopicture/large/film-184890147._CB470041630_.png,90,Inglourious Basterds,/title/tt0361748/,2009,8.3
https://m.media-amazon.com/images/G/01/imdb/images/nopicture/large/film-184890147._CB470041630_.png,91,Eternal Sunshine of the Spotless Mind,/title/tt0338013/,2004,8.3
https://m.media-amazon.com/images/G/01/imdb/images/nopicture/large/film-184890147._CB470041630_.png,92,Amélie,/title/tt0211915/,2001,8.3
https://m.media-amazon.com/images/G/01/imdb/images/nopicture/large/film-184890147._CB470041630_.png,93,Snatch,/title/tt0208092/,2000,8.3
https://m.media-amazon.com/images/G/01/imdb/images/nopicture/large/film-184890147._CB470041630_.png,94,Requiem for a Dream,/title/tt0180093/,2000,8.3
https://m.media-amazon.com/images/G/01/imdb/images/nopicture/large/film-184890147._CB470041630_.png,95,American Beauty,/title/tt0169547/,1999,8.3
https://m.media-amazon.com/images/G/01/imdb/images/nopicture/large/film-184890147._CB470041630_.png,96,Good Will Hunting,/title/tt0119217/,1997,8.3
https://m.media-amazon.com/images/G/01/imdb/images/nopicture/large/film-184890147._CB470041630_.png,97,Children of Heaven,/title/tt0118849/,1997,8.3
https://m.media-amazon.com/images/G/01/imdb/images/nopicture/large/film-184890147._CB470041630_.png,98,The Bandit,/title/tt0116231/,1996,8.3
https://m.media-amazon.com/images/G/01/imdb/images/nopicture/large/film-184890147._CB470041630_.png,99,Toy Story,/title/tt0114709/,1995,8.3
https://m.media-amazon.com/images/G/01/imdb/images/nopicture/large/film-184890147._CB470041630_.png,100,Braveheart,/title/tt0112573/,1995,8.3
https://m.media-amazon.com/images/G/01/imdb/images/nopicture/large/film-184890147._CB470041630_.png,101,Reservoir Dogs,/title/tt0105236/,1992,8.3
https://m.media-amazon.com/images/G/01/imdb/images/nopicture/large/film-184890147._CB470041630_.png,102,Full Metal Jacket,/title/tt0093058/,1987,8.3
https://m.media-amazon.com/images/G/01/imdb/images/nopicture/large/film-184890147._CB470041630_.png,103,Come and See,/title/tt0091251/,1985,8.3
https://m.media-amazon.com/images/G/01/imdb/images/nopicture/large/film-184890147._CB470041630_.png,104,Aliens,/title/tt0090605/,1986,8.3
https://m.media-amazon.com/images/G/01/imdb/images/nopicture/large/film-184890147._CB470041630_.png,105,Amadeus,/title/tt0086879/,1984,8.3
https://m.media-amazon.com/images/G/01/imdb/images/nopicture/large/film-184890147._CB470041630_.png,106,Scarface,/title/tt0086250/,1983,8.3
https://m.media-amazon.com/images/G/01/imdb/images/nopicture/large/film-184890147._CB470041630_.png,107,Star Wars: Episode VI - Return of the Jedi,/title/tt0086190/,1983,8.3
https://m.media-amazon.com/images/G/01/imdb/images/nopicture/large/film-184890147._CB470041630_.png,108,Das Boot,/title/tt0082096/,1981,8.3
https://m.media-amazon.com/images/G/01/imdb/images/nopicture/large/film-184890147._CB470041630_.png,109,Taxi Driver,/title/tt0075314/,1976,8.3
https://m.media-amazon.com/images/G/01/imdb/images/nopicture/large/film-184890147._CB470041630_.png,110,The Sting,/title/tt0070735/,1973,8.3
https://m.media-amazon.com/images/G/01/imdb/images/nopicture/large/film-184890147._CB470041630_.png,111,A Clockwork Orange,/title/tt0066921/,1971,8.3
https://m.media-amazon.com/images/G/01/imdb/images/nopicture/large/film-184890147._CB470041630_.png,112,2001: A Space Odyssey,/title/tt0062622/,1968,8.3
https://m.media-amazon.com/images/G/01/imdb/images/nopicture/large/film-184890147._CB470041630_.png,113,For a Few Dollars More,/title/tt0059578/,1965,8.3
https://m.media-amazon.com/images/G/01/imdb/images/nopicture/large/film-184890147._CB470041630_.png,114,To Kill a Mockingbird,/title/tt0056592/,1962,8.3
https://m.media-amazon.com/images/G/01/imdb/images/nopicture/large/film-184890147._CB470041630_.png,115,Lawrence of Arabia,/title/tt0056172/,1962,8.3
https://m.media-amazon.com/images/G/01/imdb/images/nopicture/large/film-184890147._CB470041630_.png,116,The Apartment,/title/tt0053604/,1960,8.3
https://m.media-amazon.com/images/G/01/imdb/images/nopicture/large/film-184890147._CB470041630_.png,117,North by Northwest,/title/tt0053125/,1959,8.3
https://m.media-amazon.com/images/G/01/imdb/images/nopicture/large/film-184890147._CB470041630_.png,118,Vertigo,/title/tt0052357/,1958,8.3
https://m.media-amazon.com/images/G/01/imdb/images/nopicture/large/film-184890147._CB470041630_.png,119,Singin' in the Rain,/title/tt0045152/,1952,8.3
https://m.media-amazon.com/images/G/01/imdb/images/nopicture/large/film-184890147._CB470041630_.png,120,Ikiru,/title/tt0044741/,1952,8.3
https://m.media-amazon.com/images/G/01/imdb/images/nopicture/large/film-184890147._CB470041630_.png,121,Bicycle Thieves,/title/tt0040522/,1948,8.3
https://m.media-amazon.com/images/G/01/imdb/images/nopicture/large/film-184890147._CB470041630_.png,122,Double Indemnity,/title/tt0036775/,1944,8.3
https://m.media-amazon.com/images/G/01/imdb/images/nopicture/large/film-184890147._CB470041630_.png,123,Citizen Kane,/title/tt0033467/,1941,8.3
https://m.media-amazon.com/images/G/01/imdb/images/nopicture/large/film-184890147._CB470041630_.png,124,M,/title/tt0022100/,1931,8.3
https://m.media-amazon.com/images/G/01/imdb/images/nopicture/large/film-184890147._CB470041630_.png,125,Metropolis,/title/tt0017136/,1927,8.3
https://m.media-amazon.com/images/G/01/imdb/images/nopicture/large/film-184890147._CB470041630_.png,126,The Kid,/title/tt0012349/,1921,8.3
https://m.media-amazon.com/images/G/01/imdb/images/nopicture/large/film-184890147._CB470041630_.png,127,K.G.F: Chapter 1,/title/tt7838252/,2018,8.2
https://m.media-amazon.com/images/G/01/imdb/images/nopicture/large/film-184890147._CB470041630_.png,128,Marriage Story,/title/tt7653254/,2019,8.2
https://m.media-amazon.com/images/G/01/imdb/images/nopicture/large/film-184890147._CB470041630_.png,129,Green Book,/title/tt6966692/,2018,8.2
https://m.media-amazon.com/images/G/01/imdb/images/nopicture/large/film-184890147._CB470041630_.png,130,Pink,/title/tt5571734/,III 2016,8.2
https://m.media-amazon.com/images/G/01/imdb/images/nopicture/large/film-184890147._CB470041630_.png,131,A Silent Voice: The Movie,/title/tt5323662/,2016,8.2
https://m.media-amazon.com/images/G/01/imdb/images/nopicture/large/film-184890147._CB470041630_.png,132,"Three Billboards Outside Ebbing, Missouri",/title/tt5027774/,2017,8.2
https://m.media-amazon.com/images/G/01/imdb/images/nopicture/large/film-184890147._CB470041630_.png,133,Talvar,/title/tt4934950/,2015,8.2
https://m.media-amazon.com/images/G/01/imdb/images/nopicture/large/film-184890147._CB470041630_.png,134,Baahubali 2: The Conclusion,/title/tt4849438/,2017,8.2
https://m.media-amazon.com/images/G/01/imdb/images/nopicture/large/film-184890147._CB470041630_.png,135,Drishyam,/title/tt4430212/,2015,8.2
https://m.media-amazon.com/images/G/01/imdb/images/nopicture/large/film-184890147._CB470041630_.png,136,Queen,/title/tt3322420/,2013,8.2
https://m.media-amazon.com/images/G/01/imdb/images/nopicture/large/film-184890147._CB470041630_.png,137,Tangerines,/title/tt2991224/,2013,8.2
https://m.media-amazon.com/images/G/01/imdb/images/nopicture/large/film-184890147._CB470041630_.png,138,Žiemos miegas,/title/tt2758880/,2014,8.2
https://m.media-amazon.com/images/G/01/imdb/images/nopicture/large/film-184890147._CB470041630_.png,139,Bhaag Milkha Bhaag,/title/tt2356180/,2013,8.2
https://m.media-amazon.com/images/G/01/imdb/images/nopicture/large/film-184890147._CB470041630_.png,140,OMG: Oh My God!,/title/tt2283748/,2012,8.2
https://m.media-amazon.com/images/G/01/imdb/images/nopicture/large/film-184890147._CB470041630_.png,141,Inside Out,/title/tt2096673/,I 2015,8.2
https://m.media-amazon.com/images/G/01/imdb/images/nopicture/large/film-184890147._CB470041630_.png,142,Gangs of Wasseypur,/title/tt1954470/,2012,8.2
https://m.media-amazon.com/images/G/01/imdb/images/nopicture/large/film-184890147._CB470041630_.png,143,Udaan,/title/tt1639426/,2010,8.2
https://m.media-amazon.com/images/G/01/imdb/images/nopicture/large/film-184890147._CB470041630_.png,144,Paan Singh Tomar,/title/tt1620933/,2012,8.2
https://m.media-amazon.com/images/G/01/imdb/images/nopicture/large/film-184890147._CB470041630_.png,145,The Secret in Their Eyes,/title/tt1305806/,2009,8.2
https://m.media-amazon.com/images/G/01/imdb/images/nopicture/large/film-184890147._CB470041630_.png,146,Warrior,/title/tt1291584/,2011,8.2
https://m.media-amazon.com/images/G/01/imdb/images/nopicture/large/film-184890147._CB470041630_.png,147,Up,/title/tt1049413/,2009,8.2
https://m.media-amazon.com/images/G/01/imdb/images/nopicture/large/film-184890147._CB470041630_.png,148,The Wolf of Wall Street,/title/tt0993846/,2013,8.2
https://m.media-amazon.com/images/G/01/imdb/images/nopicture/large/film-184890147._CB470041630_.png,149,Chak de! India,/title/tt0871510/,2007,8.2
https://m.media-amazon.com/images/G/01/imdb/images/nopicture/large/film-184890147._CB470041630_.png,150,There Will Be Blood,/title/tt0469494/,2007,8.2
https://m.media-amazon.com/images/G/01/imdb/images/nopicture/large/film-184890147._CB470041630_.png,151,Pan's Labyrinth,/title/tt0457430/,2006,8.2
https://m.media-amazon.com/images/G/01/imdb/images/nopicture/large/film-184890147._CB470041630_.png,152,V for Vendetta,/title/tt0434409/,2005,8.2
https://m.media-amazon.com/images/G/01/imdb/images/nopicture/large/film-184890147._CB470041630_.png,153,Nudažyk geltonai,/title/tt0405508/,2006,8.2
https://m.media-amazon.com/images/G/01/imdb/images/nopicture/large/film-184890147._CB470041630_.png,154,Black,/title/tt0375611/,2005,8.2
https://m.media-amazon.com/images/G/01/imdb/images/nopicture/large/film-184890147._CB470041630_.png,155,Batman Begins,/title/tt0372784/,2005,8.2
https://m.media-amazon.com/images/G/01/imdb/images/nopicture/large/film-184890147._CB470041630_.png,156,Swades,/title/tt0367110/,2004,8.2
https://m.media-amazon.com/images/G/01/imdb/images/nopicture/large/film-184890147._CB470041630_.png,157,Downfall,/title/tt0363163/,2004,8.2
https://m.media-amazon.com/images/G/01/imdb/images/nopicture/large/film-184890147._CB470041630_.png,158,Howl's Moving Castle,/title/tt0347149/,2004,8.2
https://m.media-amazon.com/images/G/01/imdb/images/nopicture/large/film-184890147._CB470041630_.png,159,A Beautiful Mind,/title/tt0268978/,2001,8.2
https://m.media-amazon.com/images/G/01/imdb/images/nopicture/large/film-184890147._CB470041630_.png,160,Hera Pheri,/title/tt0242519/,2000,8.2
https://m.media-amazon.com/images/G/01/imdb/images/nopicture/large/film-184890147._CB470041630_.png,161,Neon Genesis Evangelion: The End of Evangelion,/title/tt0169858/,1997,8.2
https://m.media-amazon.com/images/G/01/imdb/images/nopicture/large/film-184890147._CB470041630_.png,162,"Lock, Stock and Two Smoking Barrels",/title/tt0120735/,1998,8.2
https://m.media-amazon.com/images/G/01/imdb/images/nopicture/large/film-184890147._CB470041630_.png,163,L.A. Confidential,/title/tt0119488/,1997,8.2
https://m.media-amazon.com/images/G/01/imdb/images/nopicture/large/film-184890147._CB470041630_.png,164,Heat,/title/tt0113277/,1995,8.2
https://m.media-amazon.com/images/G/01/imdb/images/nopicture/large/film-184890147._CB470041630_.png,165,Casino,/title/tt0112641/,1995,8.2
https://m.media-amazon.com/images/G/01/imdb/images/nopicture/large/film-184890147._CB470041630_.png,166,Everyone Has Their Own Style,/title/tt0109117/,1994,8.2
https://m.media-amazon.com/images/G/01/imdb/images/nopicture/large/film-184890147._CB470041630_.png,167,Unforgiven,/title/tt0105695/,1992,8.2
https://m.media-amazon.com/images/G/01/imdb/images/nopicture/large/film-184890147._CB470041630_.png,168,Indiana Jones and the Last Crusade,/title/tt0097576/,1989,8.2
https://m.media-amazon.com/images/G/01/imdb/images/nopicture/large/film-184890147._CB470041630_.png,169,My Neighbor Totoro,/title/tt0096283/,1988,8.2
https://m.media-amazon.com/images/G/01/imdb/images/nopicture/large/film-184890147._CB470041630_.png,170,Die Hard,/title/tt0095016/,1988,8.2
https://m.media-amazon.com/images/G/01/imdb/images/nopicture/large/film-184890147._CB470041630_.png,171,Ran,/title/tt0089881/,1985,8.2
https://m.media-amazon.com/images/G/01/imdb/images/nopicture/large/film-184890147._CB470041630_.png,172,Raging Bull,/title/tt0081398/,1980,8.2
https://m.media-amazon.com/images/G/01/imdb/images/nopicture/large/film-184890147._CB470041630_.png,173,Stalker,/title/tt0079944/,1979,8.2
https://m.media-amazon.com/images/G/01/imdb/images/nopicture/large/film-184890147._CB470041630_.png,174,The Message,/title/tt0074896/,1976,8.2
https://m.media-amazon.com/images/G/01/imdb/images/nopicture/large/film-184890147._CB470041630_.png,175,Sholay,/title/tt0073707/,1975,8.2
https://m.media-amazon.com/images/G/01/imdb/images/nopicture/large/film-184890147._CB470041630_.png,176,Monty Python and the Holy Grail,/title/tt0071853/,1975,8.2
https://m.media-amazon.com/images/G/01/imdb/images/nopicture/large/film-184890147._CB470041630_.png,177,Chinatown,/title/tt0071315/,1974,8.2
https://m.media-amazon.com/images/G/01/imdb/images/nopicture/large/film-184890147._CB470041630_.png,178,Andrei Rublev,/title/tt0060107/,1966,8.2
https://m.media-amazon.com/images/G/01/imdb/images/nopicture/large/film-184890147._CB470041630_.png,179,The Great Escape,/title/tt0057115/,1963,8.2
https://m.media-amazon.com/images/G/01/imdb/images/nopicture/large/film-184890147._CB470041630_.png,180,Yojimbo,/title/tt0055630/,1961,8.2
https://m.media-amazon.com/images/G/01/imdb/images/nopicture/large/film-184890147._CB470041630_.png,181,Judgment at Nuremberg,/title/tt0055031/,1961,8.2
https://m.media-amazon.com/images/G/01/imdb/images/nopicture/large/film-184890147._CB470041630_.png,182,Some Like It Hot,/title/tt0053291/,1959,8.2
https://m.media-amazon.com/images/G/01/imdb/images/nopicture/large/film-184890147._CB470041630_.png,183,Wild Strawberries,/title/tt0050986/,1957,8.2
https://m.media-amazon.com/images/G/01/imdb/images/nopicture/large/film-184890147._CB470041630_.png,184,The Seventh Seal,/title/tt0050976/,1957,8.2
https://m.media-amazon.com/images/G/01/imdb/images/nopicture/large/film-184890147._CB470041630_.png,185,Dial M for Murder,/title/tt0046912/,1954,8.2
https://m.media-amazon.com/images/G/01/imdb/images/nopicture/large/film-184890147._CB470041630_.png,186,Tokyo Story,/title/tt0046438/,1953,8.2
https://m.media-amazon.com/images/G/01/imdb/images/nopicture/large/film-184890147._CB470041630_.png,187,Ace in the Hole,/title/tt0043338/,1951,8.2
https://m.media-amazon.com/images/G/01/imdb/images/nopicture/large/film-184890147._CB470041630_.png,188,Rashomon,/title/tt0042876/,1950,8.2
https://m.media-amazon.com/images/G/01/imdb/images/nopicture/large/film-184890147._CB470041630_.png,189,All About Eve,/title/tt0042192/,1950,8.2
https://m.media-amazon.com/images/G/01/imdb/images/nopicture/large/film-184890147._CB470041630_.png,190,White Heat,/title/tt0042041/,1949,8.2
https://m.media-amazon.com/images/G/01/imdb/images/nopicture/large/film-184890147._CB470041630_.png,191,The Treasure of the Sierra Madre,/title/tt0040897/,1948,8.2
https://m.media-amazon.com/images/G/01/imdb/images/nopicture/large/film-184890147._CB470041630_.png,192,The Red Shoes,/title/tt0040725/,1948,8.2
https://m.media-amazon.com/images/G/01/imdb/images/nopicture/large/film-184890147._CB470041630_.png,193,The Gold Rush,/title/tt0015864/,1925,8.2
https://m.media-amazon.com/images/G/01/imdb/images/nopicture/large/film-184890147._CB470041630_.png,194,Sherlock Jr.,/title/tt0015324/,1924,8.2
https://m.media-amazon.com/images/G/01/imdb/images/nopicture/large/film-184890147._CB470041630_.png,195,Knives Out,/title/tt8946378/,2019,8.1
https://m.media-amazon.com/images/G/01/imdb/images/nopicture/large/film-184890147._CB470041630_.png,196,The Invisible Guest,/title/tt4857264/,2016,8.1
https://m.media-amazon.com/images/G/01/imdb/images/nopicture/large/film-184890147._CB470041630_.png,197,The Handmaiden,/title/tt4016934/,2016,8.1
https://m.media-amazon.com/images/G/01/imdb/images/nopicture/large/film-184890147._CB470041630_.png,198,Mommy,/title/tt3612616/,I 2014,8.1
https://m.media-amazon.com/images/G/01/imdb/images/nopicture/large/film-184890147._CB470041630_.png,199,Haider,/title/tt3390572/,2014,8.1
https://m.media-amazon.com/images/G/01/imdb/images/nopicture/large/film-184890147._CB470041630_.png,200,Logan,/title/tt3315342/,2017,8.1
https://m.media-amazon.com/images/G/01/imdb/images/nopicture/large/film-184890147._CB470041630_.png,201,Room,/title/tt3170832/,I 2015,8.1
https://m.media-amazon.com/images/G/01/imdb/images/nopicture/large/film-184890147._CB470041630_.png,202,Wild Tales,/title/tt3011894/,2014,8.1
https://m.media-amazon.com/images/G/01/imdb/images/nopicture/large/film-184890147._CB470041630_.png,203,Baahubali,/title/tt2631186/,2015,8.1
https://m.media-amazon.com/images/G/01/imdb/images/nopicture/large/film-184890147._CB470041630_.png,204,PK,/title/tt2338151/,2014,8.1
https://m.media-amazon.com/images/G/01/imdb/images/nopicture/large/film-184890147._CB470041630_.png,205,The Grand Budapest Hotel,/title/tt2278388/,2014,8.1
https://m.media-amazon.com/images/G/01/imdb/images/nopicture/large/film-184890147._CB470041630_.png,206,Gone Girl,/title/tt2267998/,2014,8.1
https://m.media-amazon.com/images/G/01/imdb/images/nopicture/large/film-184890147._CB470041630_.png,207,Wolf Children,/title/tt2140203/,2012,8.1
https://m.media-amazon.com/images/G/01/imdb/images/nopicture/large/film-184890147._CB470041630_.png,208,Hacksaw Ridge,/title/tt2119532/,2016,8.1
https://m.media-amazon.com/images/G/01/imdb/images/nopicture/large/film-184890147._CB470041630_.png,209,Barfi!,/title/tt2082197/,2012,8.1
https://m.media-amazon.com/images/G/01/imdb/images/nopicture/large/film-184890147._CB470041630_.png,210,12 Years a Slave,/title/tt2024544/,2013,8.1
https://m.media-amazon.com/images/G/01/imdb/images/nopicture/large/film-184890147._CB470041630_.png,211,Rush,/title/tt1979320/,I 2013,8.1
https://m.media-amazon.com/images/G/01/imdb/images/nopicture/large/film-184890147._CB470041630_.png,212,Spotlight,/title/tt1895587/,I 2015,8.1
https://m.media-amazon.com/images/G/01/imdb/images/nopicture/large/film-184890147._CB470041630_.png,213,Song of the Sea,/title/tt1865505/,2014,8.1
https://m.media-amazon.com/images/G/01/imdb/images/nopicture/large/film-184890147._CB470041630_.png,214,Kahaani,/title/tt1821480/,2012,8.1
https://m.media-amazon.com/images/G/01/imdb/images/nopicture/large/film-184890147._CB470041630_.png,215,Zindagi Na Milegi Dobara,/title/tt1562872/,2011,8.1
https://m.media-amazon.com/images/G/01/imdb/images/nopicture/large/film-184890147._CB470041630_.png,216,The Help,/title/tt1454029/,2011,8.1
https://m.media-amazon.com/images/G/01/imdb/images/nopicture/large/film-184890147._CB470041630_.png,217,Prisoners,/title/tt1392214/,2013,8.1
https://m.media-amazon.com/images/G/01/imdb/images/nopicture/large/film-184890147._CB470041630_.png,218,Mad Max: Fury Road,/title/tt1392190/,2015,8.1
https://m.media-amazon.com/images/G/01/imdb/images/nopicture/large/film-184890147._CB470041630_.png,219,The Irishman,/title/tt1302006/,2019,8.1
https://m.media-amazon.com/images/G/01/imdb/images/nopicture/large/film-184890147._CB470041630_.png,220,A Wednesday,/title/tt1280558/,2008,8.1
https://m.media-amazon.com/images/G/01/imdb/images/nopicture/large/film-184890147._CB470041630_.png,221,Gran Torino,/title/tt1205489/,2008,8.1
https://m.media-amazon.com/images/G/01/imdb/images/nopicture/large/film-184890147._CB470041630_.png,222,Harry Potter and the Deathly Hallows: Part 2,/title/tt1201607/,2011,8.1
https://m.media-amazon.com/images/G/01/imdb/images/nopicture/large/film-184890147._CB470041630_.png,223,Shutter Island,/title/tt1130884/,2010,8.1
https://m.media-amazon.com/images/G/01/imdb/images/nopicture/large/film-184890147._CB470041630_.png,224,Departures,/title/tt1069238/,2008,8.1
https://m.media-amazon.com/images/G/01/imdb/images/nopicture/large/film-184890147._CB470041630_.png,225,Hachi: A Dog's Tale,/title/tt1028532/,2009,8.1
https://m.media-amazon.com/images/G/01/imdb/images/nopicture/large/film-184890147._CB470041630_.png,226,Mary and Max,/title/tt0978762/,2009,8.1
https://m.media-amazon.com/images/G/01/imdb/images/nopicture/large/film-184890147._CB470041630_.png,227,How to Train Your Dragon,/title/tt0892769/,2010,8.1
https://m.media-amazon.com/images/G/01/imdb/images/nopicture/large/film-184890147._CB470041630_.png,228,Elite Squad,/title/tt0861739/,2007,8.1
https://m.media-amazon.com/images/G/01/imdb/images/nopicture/large/film-184890147._CB470041630_.png,229,Into the Wild,/title/tt0758758/,2007,8.1
https://m.media-amazon.com/images/G/01/imdb/images/nopicture/large/film-184890147._CB470041630_.png,230,No Country for Old Men,/title/tt0477348/,2007,8.1
https://m.media-amazon.com/images/G/01/imdb/images/nopicture/large/film-184890147._CB470041630_.png,231,"Carry On, Munna Bhai",/title/tt0456144/,2006,8.1
https://m.media-amazon.com/images/G/01/imdb/images/nopicture/large/film-184890147._CB470041630_.png,232,Million Dollar Baby,/title/tt0405159/,2004,8.1
https://m.media-amazon.com/images/G/01/imdb/images/nopicture/large/film-184890147._CB470041630_.png,233,Hotel Rwanda,/title/tt0395169/,2004,8.1
https://m.media-amazon.com/images/G/01/imdb/images/nopicture/large/film-184890147._CB470041630_.png,234,Tae Guk Gi: The Brotherhood of War,/title/tt0386064/,2004,8.1
https://m.media-amazon.com/images/G/01/imdb/images/nopicture/large/film-184890147._CB470041630_.png,235,Munna Bhai M.B.B.S.,/title/tt0374887/,2003,8.1
https://m.media-amazon.com/images/G/01/imdb/images/nopicture/large/film-184890147._CB470041630_.png,236,Memories of Murder,/title/tt0353969/,2003,8.1
https://m.media-amazon.com/images/G/01/imdb/images/nopicture/large/film-184890147._CB470041630_.png,237,Dil Chahta Hai,/title/tt0292490/,2001,8.1
https://m.media-amazon.com/images/G/01/imdb/images/nopicture/large/film-184890147._CB470041630_.png,238,Kill Bill: Vol. 1,/title/tt0266697/,2003,8.1
https://m.media-amazon.com/images/G/01/imdb/images/nopicture/large/film-184890147._CB470041630_.png,239,Finding Nemo,/title/tt0266543/,2003,8.1
https://m.media-amazon.com/images/G/01/imdb/images/nopicture/large/film-184890147._CB470041630_.png,240,Catch Me If You Can,/title/tt0264464/,2002,8.1
https://m.media-amazon.com/images/G/01/imdb/images/nopicture/large/film-184890147._CB470041630_.png,241,Amores Perros,/title/tt0245712/,2000,8.1
https://m.media-amazon.com/images/G/01/imdb/images/nopicture/large/film-184890147._CB470041630_.png,242,Lagaan: Once Upon a Time in India,/title/tt0169102/,2001,8.1
https://m.media-amazon.com/images/G/01/imdb/images/nopicture/large/film-184890147._CB470041630_.png,243,The Sixth Sense,/title/tt0167404/,1999,8.1
https://m.media-amazon.com/images/G/01/imdb/images/nopicture/large/film-184890147._CB470041630_.png,244,Legenda apie pianistą,/title/tt0120731/,1998,8.1
https://m.media-amazon.com/images/G/01/imdb/images/nopicture/large/film-184890147._CB470041630_.png,245,The Truman Show,/title/tt0120382/,1998,8.1
https://m.media-amazon.com/images/G/01/imdb/images/nopicture/large/film-184890147._CB470041630_.png,246,"Katyte juoda, katinas baltas",/title/tt0118843/,1998,8.1
https://m.media-amazon.com/images/G/01/imdb/images/nopicture/large/film-184890147._CB470041630_.png,247,The Big Lebowski,/title/tt0118715/,1998,8.1
https://m.media-amazon.com/images/G/01/imdb/images/nopicture/large/film-184890147._CB470041630_.png,248,In the Mood for Love,/title/tt0118694/,2000,8.1
https://m.media-amazon.com/images/G/01/imdb/images/nopicture/large/film-184890147._CB470041630_.png,249,Trainspotting,/title/tt0117951/,1996,8.1
https://m.media-amazon.com/images/G/01/imdb/images/nopicture/large/film-184890147._CB470041630_.png,250,Fargo,/title/tt0116282/,1996,8.1
https://m.media-amazon.com/images/G/01/imdb/images/nopicture/large/film-184890147._CB470041630_.png,251,Underground,/title/tt0114787/,1995,8.1
https://m.media-amazon.com/images/G/01/imdb/images/nopicture/large/film-184890147._CB470041630_.png,252,La Haine,/title/tt0113247/,1995,8.1
https://m.media-amazon.com/images/G/01/imdb/images/nopicture/large/film-184890147._CB470041630_.png,253,Nuotaką gaus drąsusis,/title/tt0112870/,1995,8.1
https://m.media-amazon.com/images/G/01/imdb/images/nopicture/large/film-184890147._CB470041630_.png,254,Before Sunrise,/title/tt0112471/,1995,8.1
https://m.media-amazon.com/images/G/01/imdb/images/nopicture/large/film-184890147._CB470041630_.png,255,Three Colors: Red,/title/tt0111495/,1994,8.1
https://m.media-amazon.com/images/G/01/imdb/images/nopicture/large/film-184890147._CB470041630_.png,256,Chungking Express,/title/tt0109424/,1994,8.1
https://m.media-amazon.com/images/G/01/imdb/images/nopicture/large/film-184890147._CB470041630_.png,257,Jurassic Park,/title/tt0107290/,1993,8.1
https://m.media-amazon.com/images/G/01/imdb/images/nopicture/large/film-184890147._CB470041630_.png,258,In the Name of the Father,/title/tt0107207/,1993,8.1
https://m.media-amazon.com/images/G/01/imdb/images/nopicture/large/film-184890147._CB470041630_.png,259,Raise the Red Lantern,/title/tt0101640/,1991,8.1
https://m.media-amazon.com/images/G/01/imdb/images/nopicture/large/film-184890147._CB470041630_.png,260,Dead Poets Society,/title/tt0097165/,1989,8.1
https://m.media-amazon.com/images/G/01/imdb/images/nopicture/large/film-184890147._CB470041630_.png,261,Akira,/title/tt0094625/,1988,8.1
https://m.media-amazon.com/images/G/01/imdb/images/nopicture/large/film-184890147._CB470041630_.png,262,The Princess Bride,/title/tt0093779/,1987,8.1
https://m.media-amazon.com/images/G/01/imdb/images/nopicture/large/film-184890147._CB470041630_.png,263,Stand by Me,/title/tt0092005/,1986,8.1
https://m.media-amazon.com/images/G/01/imdb/images/nopicture/large/film-184890147._CB470041630_.png,264,Platoon,/title/tt0091763/,1986,8.1
https://m.media-amazon.com/images/G/01/imdb/images/nopicture/large/film-184890147._CB470041630_.png,265,"Paris, Texas",/title/tt0087884/,1984,8.1
https://m.media-amazon.com/images/G/01/imdb/images/nopicture/large/film-184890147._CB470041630_.png,266,Nausicaä of the Valley of the Wind,/title/tt0087544/,1984,8.1
https://m.media-amazon.com/images/G/01/imdb/images/nopicture/large/film-184890147._CB470041630_.png,267,The Thing,/title/tt0084787/,1982,8.1
https://m.media-amazon.com/images/G/01/imdb/images/nopicture/large/film-184890147._CB470041630_.png,268,Pink Floyd: The Wall,/title/tt0084503/,1982,8.1
https://m.media-amazon.com/images/G/01/imdb/images/nopicture/large/film-184890147._CB470041630_.png,269,Fitzcarraldo,/title/tt0083946/,1982,8.1
https://m.media-amazon.com/images/G/01/imdb/images/nopicture/large/film-184890147._CB470041630_.png,270,Fanny and Alexander,/title/tt0083922/,1982,8.1
https://m.media-amazon.com/images/G/01/imdb/images/nopicture/large/film-184890147._CB470041630_.png,271,Blade Runner,/title/tt0083658/,1982,8.1
https://m.media-amazon.com/images/G/01/imdb/images/nopicture/large/film-184890147._CB470041630_.png,272,The Elephant Man,/title/tt0080678/,1980,8.1
https://m.media-amazon.com/images/G/01/imdb/images/nopicture/large/film-184890147._CB470041630_.png,273,Monty Python's Life of Brian,/title/tt0079470/,1979,8.1
https://m.media-amazon.com/images/G/01/imdb/images/nopicture/large/film-184890147._CB470041630_.png,274,The Deer Hunter,/title/tt0077416/,1978,8.1
https://m.media-amazon.com/images/G/01/imdb/images/nopicture/large/film-184890147._CB470041630_.png,275,Rocky,/title/tt0075148/,1976,8.1
https://m.media-amazon.com/images/G/01/imdb/images/nopicture/large/film-184890147._CB470041630_.png,276,Network,/title/tt0074958/,1976,8.1
https://m.media-amazon.com/images/G/01/imdb/images/nopicture/large/film-184890147._CB470041630_.png,277,Barry Lyndon,/title/tt0072684/,1975,8.1
https://m.media-amazon.com/images/G/01/imdb/images/nopicture/large/film-184890147._CB470041630_.png,278,The Mirror,/title/tt0072443/,1975,8.1
https://m.media-amazon.com/images/G/01/imdb/images/nopicture/large/film-184890147._CB470041630_.png,279,Cries & Whispers,/title/tt0069467/,1972,8.1
https://m.media-amazon.com/images/G/01/imdb/images/nopicture/large/film-184890147._CB470041630_.png,280,Solaris,/title/tt0069293/,1972,8.1
https://m.media-amazon.com/images/G/01/imdb/images/nopicture/large/film-184890147._CB470041630_.png,281,Le Samouraï,/title/tt0062229/,1967,8.1
https://m.media-amazon.com/images/G/01/imdb/images/nopicture/large/film-184890147._CB470041630_.png,282,Cool Hand Luke,/title/tt0061512/,1967,8.1
https://m.media-amazon.com/images/G/01/imdb/images/nopicture/large/film-184890147._CB470041630_.png,283,Persona,/title/tt0060827/,1966,8.1
https://m.media-amazon.com/images/G/01/imdb/images/nopicture/large/film-184890147._CB470041630_.png,284,The Battle of Algiers,/title/tt0058946/,1966,8.1
https://m.media-amazon.com/images/G/01/imdb/images/nopicture/large/film-184890147._CB470041630_.png,285,The Exterminating Angel,/title/tt0056732/,1962,8.1
https://m.media-amazon.com/images/G/01/imdb/images/nopicture/large/film-184890147._CB470041630_.png,286,What Ever Happened to Baby Jane?,/title/tt0056687/,1962,8.1
https://m.media-amazon.com/images/G/01/imdb/images/nopicture/large/film-184890147._CB470041630_.png,287,Sanjuro,/title/tt0056443/,1962,8.1
https://m.media-amazon.com/images/G/01/imdb/images/nopicture/large/film-184890147._CB470041630_.png,288,The Man Who Shot Liberty Valance,/title/tt0056217/,1962,8.1
https://m.media-amazon.com/images/G/01/imdb/images/nopicture/large/film-184890147._CB470041630_.png,289,Ivan's Childhood,/title/tt0056111/,1962,8.1
https://m.media-amazon.com/images/G/01/imdb/images/nopicture/large/film-184890147._CB470041630_.png,290,Inherit the Wind,/title/tt0053946/,1960,8.1
https://m.media-amazon.com/images/G/01/imdb/images/nopicture/large/film-184890147._CB470041630_.png,291,The 400 Blows,/title/tt0053198/,1959,8.1
https://m.media-amazon.com/images/G/01/imdb/images/nopicture/large/film-184890147._CB470041630_.png,292,Ben-Hur,/title/tt0052618/,1959,8.1
https://m.media-amazon.com/images/G/01/imdb/images/nopicture/large/film-184890147._CB470041630_.png,293,The Hidden Fortress,/title/tt0051808/,1958,8.1
https://m.media-amazon.com/images/G/01/imdb/images/nopicture/large/film-184890147._CB470041630_.png,294,Sweet Smell of Success,/title/tt0051036/,1957,8.1
https://m.media-amazon.com/images/G/01/imdb/images/nopicture/large/film-184890147._CB470041630_.png,295,Nights of Cabiria,/title/tt0050783/,1957,8.1
https://m.media-amazon.com/images/G/01/imdb/images/nopicture/large/film-184890147._CB470041630_.png,296,Throne of Blood,/title/tt0050613/,1957,8.1
https://m.media-amazon.com/images/G/01/imdb/images/nopicture/large/film-184890147._CB470041630_.png,297,The Bridge on the River Kwai,/title/tt0050212/,1957,8.1
https://m.media-amazon.com/images/G/01/imdb/images/nopicture/large/film-184890147._CB470041630_.png,298,On the Waterfront,/title/tt0047296/,1954,8.1
https://m.media-amazon.com/images/G/01/imdb/images/nopicture/large/film-184890147._CB470041630_.png,299,The Wages of Fear,/title/tt0046268/,1953,8.1
https://m.media-amazon.com/images/G/01/imdb/images/nopicture/large/film-184890147._CB470041630_.png,300,The Third Man,/title/tt0041959/,1949,8.1
https://m.media-amazon.com/images/G/01/imdb/images/nopicture/large/film-184890147._CB470041630_.png,301,The Shop Around the Corner,/title/tt0033045/,1940,8.1
https://m.media-amazon.com/images/G/01/imdb/images/nopicture/large/film-184890147._CB470041630_.png,302,Rebecca,/title/tt0032976/,1940,8.1
https://m.media-amazon.com/images/G/01/imdb/images/nopicture/large/film-184890147._CB470041630_.png,303,Mr. Smith Goes to Washington,/title/tt0031679/,1939,8.1
https://m.media-amazon.com/images/G/01/imdb/images/nopicture/large/film-184890147._CB470041630_.png,304,Gone with the Wind,/title/tt0031381/,1939,8.1
https://m.media-amazon.com/images/G/01/imdb/images/nopicture/large/film-184890147._CB470041630_.png,305,Grand Illusion,/title/tt0028950/,1937,8.1
https://m.media-amazon.com/images/G/01/imdb/images/nopicture/large/film-184890147._CB470041630_.png,306,It Happened One Night,/title/tt0025316/,1934,8.1
https://m.media-amazon.com/images/G/01/imdb/images/nopicture/large/film-184890147._CB470041630_.png,307,The Passion of Joan of Arc,/title/tt0019254/,1928,8.1
https://m.media-amazon.com/images/G/01/imdb/images/nopicture/large/film-184890147._CB470041630_.png,308,Sunrise,/title/tt0018455/,1927,8.1
https://m.media-amazon.com/images/G/01/imdb/images/nopicture/large/film-184890147._CB470041630_.png,309,The General,/title/tt0017925/,1926,8.1
https://m.media-amazon.com/images/G/01/imdb/images/nopicture/large/film-184890147._CB470041630_.png,310,The Cabinet of Dr. Caligari,/title/tt0010323/,1920,8.1
https://m.media-amazon.com/images/G/01/imdb/images/nopicture/large/film-184890147._CB470041630_.png,311,Shoplifters,/title/tt8075192/,2018,8
https://m.media-amazon.com/images/G/01/imdb/images/nopicture/large/film-184890147._CB470041630_.png,312,The Lighthouse,/title/tt7984734/,I 2019,8
https://m.media-amazon.com/images/G/01/imdb/images/nopicture/large/film-184890147._CB470041630_.png,313,Airlift,/title/tt4387040/,2016,8
https://m.media-amazon.com/images/G/01/imdb/images/nopicture/large/film-184890147._CB470041630_.png,314,Bajrangi Bhaijaan,/title/tt3863552/,2015,8
https://m.media-amazon.com/images/G/01/imdb/images/nopicture/large/film-184890147._CB470041630_.png,315,Baby,/title/tt3848892/,I 2015,8
https://m.media-amazon.com/images/G/01/imdb/images/nopicture/large/film-184890147._CB470041630_.png,316,La La Land,/title/tt3783958/,I 2016,8
https://m.media-amazon.com/images/G/01/imdb/images/nopicture/large/film-184890147._CB470041630_.png,317,Lion,/title/tt3741834/,2016,8
https://m.media-amazon.com/images/G/01/imdb/images/nopicture/large/film-184890147._CB470041630_.png,318,The Martian,/title/tt3659388/,2015,8
https://m.media-amazon.com/images/G/01/imdb/images/nopicture/large/film-184890147._CB470041630_.png,319,Sing Street,/title/tt3544112/,2016,8
https://m.media-amazon.com/images/G/01/imdb/images/nopicture/large/film-184890147._CB470041630_.png,320,Zootopia,/title/tt2948356/,2016,8
https://m.media-amazon.com/images/G/01/imdb/images/nopicture/large/film-184890147._CB470041630_.png,321,The Tale of The Princess Kaguya,/title/tt2576852/,2013,8
https://m.media-amazon.com/images/G/01/imdb/images/nopicture/large/film-184890147._CB470041630_.png,322,Wonder,/title/tt2543472/,I 2017,8
https://m.media-amazon.com/images/G/01/imdb/images/nopicture/large/film-184890147._CB470041630_.png,323,Special 26,/title/tt2377938/,2013,8
https://m.media-amazon.com/images/G/01/imdb/images/nopicture/large/film-184890147._CB470041630_.png,324,Short Term 12,/title/tt2370248/,2013,8
https://m.media-amazon.com/images/G/01/imdb/images/nopicture/large/film-184890147._CB470041630_.png,325,The Raid 2,/title/tt2265171/,2014,8
https://m.media-amazon.com/images/G/01/imdb/images/nopicture/large/film-184890147._CB470041630_.png,326,The Imitation Game,/title/tt2084970/,2014,8
https://m.media-amazon.com/images/G/01/imdb/images/nopicture/large/film-184890147._CB470041630_.png,327,Guardians of the Galaxy,/title/tt2015381/,2014,8
https://m.media-amazon.com/images/G/01/imdb/images/nopicture/large/film-184890147._CB470041630_.png,328,X-Men: Days of Future Past,/title/tt1877832/,2014,8
https://m.media-amazon.com/images/G/01/imdb/images/nopicture/large/film-184890147._CB470041630_.png,329,Blade Runner 2049,/title/tt1856101/,2017,8
https://m.media-amazon.com/images/G/01/imdb/images/nopicture/large/film-184890147._CB470041630_.png,330,Her,/title/tt1798709/,2013,8
https://m.media-amazon.com/images/G/01/imdb/images/nopicture/large/film-184890147._CB470041630_.png,331,Bohemian Rhapsody,/title/tt1727824/,2018,8
https://m.media-amazon.com/images/G/01/imdb/images/nopicture/large/film-184890147._CB470041630_.png,332,The Revenant,/title/tt1663202/,2015,8
https://m.media-amazon.com/images/G/01/imdb/images/nopicture/large/film-184890147._CB470041630_.png,333,The Perks of Being a Wallflower,/title/tt1659337/,2012,8
https://m.media-amazon.com/images/G/01/imdb/images/nopicture/large/film-184890147._CB470041630_.png,334,Elite Squad: The Enemy Within,/title/tt1555149/,2010,8
https://m.media-amazon.com/images/G/01/imdb/images/nopicture/large/film-184890147._CB470041630_.png,335,The King's Speech,/title/tt1504320/,2010,8
https://m.media-amazon.com/images/G/01/imdb/images/nopicture/large/film-184890147._CB470041630_.png,336,Deadpool,/title/tt1431045/,2016,8
https://m.media-amazon.com/images/G/01/imdb/images/nopicture/large/film-184890147._CB470041630_.png,337,About Elly,/title/tt1360860/,2009,8
https://m.media-amazon.com/images/G/01/imdb/images/nopicture/large/film-184890147._CB470041630_.png,338,Dev.D,/title/tt1327035/,2009,8
https://m.media-amazon.com/images/G/01/imdb/images/nopicture/large/film-184890147._CB470041630_.png,339,Ip Man,/title/tt1220719/,2008,8
https://m.media-amazon.com/images/G/01/imdb/images/nopicture/large/film-184890147._CB470041630_.png,340,My Name Is Khan,/title/tt1188996/,2010,8
https://m.media-amazon.com/images/G/01/imdb/images/nopicture/large/film-184890147._CB470041630_.png,341,The Breath,/title/tt1171701/,2009,8
https://m.media-amazon.com/images/G/01/imdb/images/nopicture/large/film-184890147._CB470041630_.png,342,Slumdog Millionaire,/title/tt1010048/,2008,8
https://m.media-amazon.com/images/G/01/imdb/images/nopicture/large/film-184890147._CB470041630_.png,343,Black Swan,/title/tt0947798/,2010,8
https://m.media-amazon.com/images/G/01/imdb/images/nopicture/large/film-184890147._CB470041630_.png,344,The Avengers,/title/tt0848228/,2012,8
https://m.media-amazon.com/images/G/01/imdb/images/nopicture/large/film-184890147._CB470041630_.png,345,Persepolis,/title/tt0808417/,2007,8
https://m.media-amazon.com/images/G/01/imdb/images/nopicture/large/film-184890147._CB470041630_.png,346,Dallas Buyers Club,/title/tt0790636/,2013,8
https://m.media-amazon.com/images/G/01/imdb/images/nopicture/large/film-184890147._CB470041630_.png,347,The Pursuit of Happyness,/title/tt0454921/,2006,8
https://m.media-amazon.com/images/G/01/imdb/images/nopicture/large/film-184890147._CB470041630_.png,348,Blood Diamond,/title/tt0450259/,2006,8
https://m.media-amazon.com/images/G/01/imdb/images/nopicture/large/film-184890147._CB470041630_.png,349,The Bourne Ultimatum,/title/tt0440963/,2007,8
https://m.media-amazon.com/images/G/01/imdb/images/nopicture/large/film-184890147._CB470041630_.png,350,3-Iron,/title/tt0423866/,2004,8
https://m.media-amazon.com/images/G/01/imdb/images/nopicture/large/film-184890147._CB470041630_.png,351,Sin City,/title/tt0401792/,2005,8
https://m.media-amazon.com/images/G/01/imdb/images/nopicture/large/film-184890147._CB470041630_.png,352,The Diving Bell and the Butterfly,/title/tt0401383/,2007,8
https://m.media-amazon.com/images/G/01/imdb/images/nopicture/large/film-184890147._CB470041630_.png,353,G.O.R.A.,/title/tt0384116/,2004,8
https://m.media-amazon.com/images/G/01/imdb/images/nopicture/large/film-184890147._CB470041630_.png,354,Ratatouille,/title/tt0382932/,2007,8
https://m.media-amazon.com/images/G/01/imdb/images/nopicture/large/film-184890147._CB470041630_.png,355,Before Sunset,/title/tt0381681/,2004,8
https://m.media-amazon.com/images/G/01/imdb/images/nopicture/large/film-184890147._CB470041630_.png,356,Casino Royale,/title/tt0381061/,2006,8
https://m.media-amazon.com/images/G/01/imdb/images/nopicture/large/film-184890147._CB470041630_.png,357,Kill Bill: Vol. 2,/title/tt0378194/,2004,8
https://m.media-amazon.com/images/G/01/imdb/images/nopicture/large/film-184890147._CB470041630_.png,358,The Return,/title/tt0376968/,2003,8
https://m.media-amazon.com/images/G/01/imdb/images/nopicture/large/film-184890147._CB470041630_.png,359,"Spring, Summer, Fall, Winter... and Spring",/title/tt0374546/,2003,8
https://m.media-amazon.com/images/G/01/imdb/images/nopicture/large/film-184890147._CB470041630_.png,360,The Sea Inside,/title/tt0369702/,I 2004,8
https://m.media-amazon.com/images/G/01/imdb/images/nopicture/large/film-184890147._CB470041630_.png,361,Cinderella Man,/title/tt0352248/,2005,8
https://m.media-amazon.com/images/G/01/imdb/images/nopicture/large/film-184890147._CB470041630_.png,362,Kal Ho Naa Ho,/title/tt0347304/,2003,8
https://m.media-amazon.com/images/G/01/imdb/images/nopicture/large/film-184890147._CB470041630_.png,363,Infernal Affairs,/title/tt0338564/,2002,8
https://m.media-amazon.com/images/G/01/imdb/images/nopicture/large/film-184890147._CB470041630_.png,364,Pirates of the Caribbean: The Curse of the Black Pearl,/title/tt0325980/,2003,8
https://m.media-amazon.com/images/G/01/imdb/images/nopicture/large/film-184890147._CB470041630_.png,365,Big Fish,/title/tt0319061/,2003,8
https://m.media-amazon.com/images/G/01/imdb/images/nopicture/large/film-184890147._CB470041630_.png,366,The Incredibles,/title/tt0317705/,2004,8
https://m.media-amazon.com/images/G/01/imdb/images/nopicture/large/film-184890147._CB470041630_.png,367,My Sassy Girl,/title/tt0293715/,2001,8
https://m.media-amazon.com/images/G/01/imdb/images/nopicture/large/film-184890147._CB470041630_.png,368,Dogville,/title/tt0276919/,2003,8
https://m.media-amazon.com/images/G/01/imdb/images/nopicture/large/film-184890147._CB470041630_.png,369,Vizontele,/title/tt0270053/,2001,8
https://m.media-amazon.com/images/G/01/imdb/images/nopicture/large/film-184890147._CB470041630_.png,370,Donnie Darko,/title/tt0246578/,2001,8
https://m.media-amazon.com/images/G/01/imdb/images/nopicture/large/film-184890147._CB470041630_.png,371,"Monsters, Inc.",/title/tt0198781/,2001,8
https://m.media-amazon.com/images/G/01/imdb/images/nopicture/large/film-184890147._CB470041630_.png,372,Magnolia,/title/tt0175880/,1999,8
https://m.media-amazon.com/images/G/01/imdb/images/nopicture/large/film-184890147._CB470041630_.png,373,Dancer in the Dark,/title/tt0168629/,2000,8
https://m.media-amazon.com/images/G/01/imdb/images/nopicture/large/film-184890147._CB470041630_.png,374,The Straight Story,/title/tt0166896/,1999,8
https://m.media-amazon.com/images/G/01/imdb/images/nopicture/large/film-184890147._CB470041630_.png,375,Perfect Blue,/title/tt0156887/,1997,8
https://m.media-amazon.com/images/G/01/imdb/images/nopicture/large/film-184890147._CB470041630_.png,376,The Celebration,/title/tt0154420/,1998,8
https://m.media-amazon.com/images/G/01/imdb/images/nopicture/large/film-184890147._CB470041630_.png,377,Central Station,/title/tt0140888/,1998,8
https://m.media-amazon.com/images/G/01/imdb/images/nopicture/large/film-184890147._CB470041630_.png,378,The Iron Giant,/title/tt0129167/,1999,8
https://m.media-amazon.com/images/G/01/imdb/images/nopicture/large/film-184890147._CB470041630_.png,379,Knockin' on Heaven's Door,/title/tt0119472/,1997,8
https://m.media-amazon.com/images/G/01/imdb/images/nopicture/large/film-184890147._CB470041630_.png,380,Sling Blade,/title/tt0117666/,1996,8
https://m.media-amazon.com/images/G/01/imdb/images/nopicture/large/film-184890147._CB470041630_.png,381,Secrets & Lies,/title/tt0117589/,1996,8
https://m.media-amazon.com/images/G/01/imdb/images/nopicture/large/film-184890147._CB470041630_.png,382,12 Monkeys,/title/tt0114746/,1995,8
https://m.media-amazon.com/images/G/01/imdb/images/nopicture/large/film-184890147._CB470041630_.png,383,Whisper of the Heart,/title/tt0113824/,1995,8
https://m.media-amazon.com/images/G/01/imdb/images/nopicture/large/film-184890147._CB470041630_.png,384,Ghost in the Shell,/title/tt0113568/,1995,8
https://m.media-amazon.com/images/G/01/imdb/images/nopicture/large/film-184890147._CB470041630_.png,385,The Nightmare Before Christmas,/title/tt0107688/,1993,8
https://m.media-amazon.com/images/G/01/imdb/images/nopicture/large/film-184890147._CB470041630_.png,386,Groundhog Day,/title/tt0107048/,1993,8
https://m.media-amazon.com/images/G/01/imdb/images/nopicture/large/film-184890147._CB470041630_.png,387,"Blood In, Blood Out",/title/tt0106469/,1993,8
https://m.media-amazon.com/images/G/01/imdb/images/nopicture/large/film-184890147._CB470041630_.png,388,Scent of a Woman,/title/tt0105323/,1992,8
https://m.media-amazon.com/images/G/01/imdb/images/nopicture/large/film-184890147._CB470041630_.png,389,Aladdin,/title/tt0103639/,1992,8
https://m.media-amazon.com/images/G/01/imdb/images/nopicture/large/film-184890147._CB470041630_.png,390,JFK,/title/tt0102138/,1991,8
https://m.media-amazon.com/images/G/01/imdb/images/nopicture/large/film-184890147._CB470041630_.png,391,Beauty and the Beast,/title/tt0101414/,1991,8
https://m.media-amazon.com/images/G/01/imdb/images/nopicture/large/film-184890147._CB470041630_.png,392,Dances with Wolves,/title/tt0099348/,1990,8
https://m.media-amazon.com/images/G/01/imdb/images/nopicture/large/film-184890147._CB470041630_.png,393,Rain Man,/title/tt0095953/,1988,8
https://m.media-amazon.com/images/G/01/imdb/images/nopicture/large/film-184890147._CB470041630_.png,394,Wings of Desire,/title/tt0093191/,1987,8
https://m.media-amazon.com/images/G/01/imdb/images/nopicture/large/film-184890147._CB470041630_.png,395,Au Revoir les Enfants,/title/tt0092593/,1987,8
https://m.media-amazon.com/images/G/01/imdb/images/nopicture/large/film-184890147._CB470041630_.png,396,Castle in the Sky,/title/tt0092067/,1986,8
https://m.media-amazon.com/images/G/01/imdb/images/nopicture/large/film-184890147._CB470041630_.png,397,The Terminator,/title/tt0088247/,1984,8
https://m.media-amazon.com/images/G/01/imdb/images/nopicture/large/film-184890147._CB470041630_.png,398,A Christmas Story,/title/tt0085334/,1983,8
https://m.media-amazon.com/images/G/01/imdb/images/nopicture/large/film-184890147._CB470041630_.png,399,Gandhi,/title/tt0083987/,1982,8
https://m.media-amazon.com/images/G/01/imdb/images/nopicture/large/film-184890147._CB470041630_.png,400,Kagemusha,/title/tt0080979/,1980,8
https://m.media-amazon.com/images/G/01/imdb/images/nopicture/large/film-184890147._CB470041630_.png,401,Being There,/title/tt0078841/,1979,8
https://m.media-amazon.com/images/G/01/imdb/images/nopicture/large/film-184890147._CB470041630_.png,402,Annie Hall,/title/tt0075686/,1977,8
https://m.media-amazon.com/images/G/01/imdb/images/nopicture/large/film-184890147._CB470041630_.png,403,All the President's Men,/title/tt0074119/,1976,8
https://m.media-amazon.com/images/G/01/imdb/images/nopicture/large/film-184890147._CB470041630_.png,404,Jaws,/title/tt0073195/,1975,8
https://m.media-amazon.com/images/G/01/imdb/images/nopicture/large/film-184890147._CB470041630_.png,405,Dog Day Afternoon,/title/tt0072890/,1975,8
https://m.media-amazon.com/images/G/01/imdb/images/nopicture/large/film-184890147._CB470041630_.png,406,Young Frankenstein,/title/tt0072431/,1974,8
https://m.media-amazon.com/images/G/01/imdb/images/nopicture/large/film-184890147._CB470041630_.png,407,Papillon,/title/tt0070511/,1973,8
https://m.media-amazon.com/images/G/01/imdb/images/nopicture/large/film-184890147._CB470041630_.png,408,Paper Moon,/title/tt0070510/,1973,8
https://m.media-amazon.com/images/G/01/imdb/images/nopicture/large/film-184890147._CB470041630_.png,409,The Exorcist,/title/tt0070047/,1973,8
https://m.media-amazon.com/images/G/01/imdb/images/nopicture/large/film-184890147._CB470041630_.png,410,Sleuth,/title/tt0069281/,1972,8
https://m.media-amazon.com/images/G/01/imdb/images/nopicture/large/film-184890147._CB470041630_.png,411,"Aguirre, the Wrath of God",/title/tt0068182/,1972,8
https://m.media-amazon.com/images/G/01/imdb/images/nopicture/large/film-184890147._CB470041630_.png,412,The Last Picture Show,/title/tt0067328/,1971,8
https://m.media-amazon.com/images/G/01/imdb/images/nopicture/large/film-184890147._CB470041630_.png,413,Fiddler on the Roof,/title/tt0067093/,1971,8
https://m.media-amazon.com/images/G/01/imdb/images/nopicture/large/film-184890147._CB470041630_.png,414,Butch Cassidy and the Sundance Kid,/title/tt0064115/,1969,8
https://m.media-amazon.com/images/G/01/imdb/images/nopicture/large/film-184890147._CB470041630_.png,415,Rosemary's Baby,/title/tt0063522/,1968,8
https://m.media-amazon.com/images/G/01/imdb/images/nopicture/large/film-184890147._CB470041630_.png,416,Planet of the Apes,/title/tt0063442/,1968,8
https://m.media-amazon.com/images/G/01/imdb/images/nopicture/large/film-184890147._CB470041630_.png,417,In the Heat of the Night,/title/tt0061811/,1967,8
https://m.media-amazon.com/images/G/01/imdb/images/nopicture/large/film-184890147._CB470041630_.png,418,The Graduate,/title/tt0061722/,1967,8
https://m.media-amazon.com/images/G/01/imdb/images/nopicture/large/film-184890147._CB470041630_.png,419,Who's Afraid of Virginia Woolf?,/title/tt0061184/,1966,8
https://m.media-amazon.com/images/G/01/imdb/images/nopicture/large/film-184890147._CB470041630_.png,420,The Sound of Music,/title/tt0059742/,1965,8
https://m.media-amazon.com/images/G/01/imdb/images/nopicture/large/film-184890147._CB470041630_.png,421,Doctor Zhivago,/title/tt0059113/,1965,8
https://m.media-amazon.com/images/G/01/imdb/images/nopicture/large/film-184890147._CB470041630_.png,422,A Fistful of Dollars,/title/tt0058461/,1964,8
https://m.media-amazon.com/images/G/01/imdb/images/nopicture/large/film-184890147._CB470041630_.png,423,8½,/title/tt0056801/,1963,8
https://m.media-amazon.com/images/G/01/imdb/images/nopicture/large/film-184890147._CB470041630_.png,424,The Hustler,/title/tt0054997/,1961,8
https://m.media-amazon.com/images/G/01/imdb/images/nopicture/large/film-184890147._CB470041630_.png,425,La Dolce Vita,/title/tt0053779/,1960,8
https://m.media-amazon.com/images/G/01/imdb/images/nopicture/large/film-184890147._CB470041630_.png,426,Rio Bravo,/title/tt0053221/,1959,8
https://m.media-amazon.com/images/G/01/imdb/images/nopicture/large/film-184890147._CB470041630_.png,427,Anatomy of a Murder,/title/tt0052561/,1959,8
https://m.media-amazon.com/images/G/01/imdb/images/nopicture/large/film-184890147._CB470041630_.png,428,Touch of Evil,/title/tt0052311/,1958,8
https://m.media-amazon.com/images/G/01/imdb/images/nopicture/large/film-184890147._CB470041630_.png,429,Cat on a Hot Tin Roof,/title/tt0051459/,1958,8
https://m.media-amazon.com/images/G/01/imdb/images/nopicture/large/film-184890147._CB470041630_.png,430,The Killing,/title/tt0049406/,1956,8
https://m.media-amazon.com/images/G/01/imdb/images/nopicture/large/film-184890147._CB470041630_.png,431,The Night of the Hunter,/title/tt0048424/,1955,8
https://m.media-amazon.com/images/G/01/imdb/images/nopicture/large/film-184890147._CB470041630_.png,432,La Strada,/title/tt0047528/,1954,8
https://m.media-amazon.com/images/G/01/imdb/images/nopicture/large/film-184890147._CB470041630_.png,433,Diabolique,/title/tt0046911/,1955,8
https://m.media-amazon.com/images/G/01/imdb/images/nopicture/large/film-184890147._CB470041630_.png,434,Stalag 17,/title/tt0046359/,1953,8
https://m.media-amazon.com/images/G/01/imdb/images/nopicture/large/film-184890147._CB470041630_.png,435,Roman Holiday,/title/tt0046250/,1953,8
https://m.media-amazon.com/images/G/01/imdb/images/nopicture/large/film-184890147._CB470041630_.png,436,A Streetcar Named Desire,/title/tt0044081/,1951,8
https://m.media-amazon.com/images/G/01/imdb/images/nopicture/large/film-184890147._CB470041630_.png,437,Strangers on a Train,/title/tt0044079/,1951,8
https://m.media-amazon.com/images/G/01/imdb/images/nopicture/large/film-184890147._CB470041630_.png,438,Kind Hearts and Coronets,/title/tt0041546/,1949,8
https://m.media-amazon.com/images/G/01/imdb/images/nopicture/large/film-184890147._CB470041630_.png,439,Rope,/title/tt0040746/,1948,8
https://m.media-amazon.com/images/G/01/imdb/images/nopicture/large/film-184890147._CB470041630_.png,440,Out of the Past,/title/tt0039689/,1947,8
https://m.media-amazon.com/images/G/01/imdb/images/nopicture/large/film-184890147._CB470041630_.png,441,Brief Encounter,/title/tt0037558/,1945,8
https://m.media-amazon.com/images/G/01/imdb/images/nopicture/large/film-184890147._CB470041630_.png,442,Laura,/title/tt0037008/,1944,8
https://m.media-amazon.com/images/G/01/imdb/images/nopicture/large/film-184890147._CB470041630_.png,443,The Best Years of Our Lives,/title/tt0036868/,1946,8
https://m.media-amazon.com/images/G/01/imdb/images/nopicture/large/film-184890147._CB470041630_.png,444,Arsenic and Old Lace,/title/tt0036613/,1944,8
https://m.media-amazon.com/images/G/01/imdb/images/nopicture/large/film-184890147._CB470041630_.png,445,The Maltese Falcon,/title/tt0033870/,1941,8
https://m.media-amazon.com/images/G/01/imdb/images/nopicture/large/film-184890147._CB470041630_.png,446,The Grapes of Wrath,/title/tt0032551/,1940,8
https://m.media-amazon.com/images/G/01/imdb/images/nopicture/large/film-184890147._CB470041630_.png,447,The Wizard of Oz,/title/tt0032138/,1939,8
https://m.media-amazon.com/images/G/01/imdb/images/nopicture/large/film-184890147._CB470041630_.png,448,All Quiet on the Western Front,/title/tt0020629/,1930,8
https://m.media-amazon.com/images/G/01/imdb/images/nopicture/large/film-184890147._CB470041630_.png,449,Battleship Potemkin,/title/tt0015648/,1925,8
https://m.media-amazon.com/images/G/01/imdb/images/nopicture/large/film-184890147._CB470041630_.png,450,Call Me by Your Name,/title/tt5726616/,2017,7.9
https://m.media-amazon.com/images/G/01/imdb/images/nopicture/large/film-184890147._CB470041630_.png,451,"I, Daniel Blake",/title/tt5168192/,2016,7.9
https://m.media-amazon.com/images/G/01/imdb/images/nopicture/large/film-184890147._CB470041630_.png,452,Isle of Dogs,/title/tt5104604/,2018,7.9
https://m.media-amazon.com/images/G/01/imdb/images/nopicture/large/film-184890147._CB470041630_.png,453,Dunkirk,/title/tt5013056/,2017,7.9
https://m.media-amazon.com/images/G/01/imdb/images/nopicture/large/film-184890147._CB470041630_.png,454,Hunt for the Wilderpeople,/title/tt4698684/,2016,7.9
https://m.media-amazon.com/images/G/01/imdb/images/nopicture/large/film-184890147._CB470041630_.png,455,Captain Fantastic,/title/tt3553976/,2016,7.9
https://m.media-amazon.com/images/G/01/imdb/images/nopicture/large/film-184890147._CB470041630_.png,456,Thor: Ragnarok,/title/tt3501632/,2017,7.9
https://m.media-amazon.com/images/G/01/imdb/images/nopicture/large/film-184890147._CB470041630_.png,457,Nightcrawler,/title/tt2872718/,2014,7.9
https://m.media-amazon.com/images/G/01/imdb/images/nopicture/large/film-184890147._CB470041630_.png,458,Arrival,/title/tt2543164/,II 2016,7.9
https://m.media-amazon.com/images/G/01/imdb/images/nopicture/large/film-184890147._CB470041630_.png,459,Star Wars: Episode VII - The Force Awakens,/title/tt2488496/,2015,7.9
https://m.media-amazon.com/images/G/01/imdb/images/nopicture/large/film-184890147._CB470041630_.png,460,Before Midnight,/title/tt2209418/,2013,7.9
https://m.media-amazon.com/images/G/01/imdb/images/nopicture/large/film-184890147._CB470041630_.png,461,Toy Story 4,/title/tt1979376/,2019,7.9
https://m.media-amazon.com/images/G/01/imdb/images/nopicture/large/film-184890147._CB470041630_.png,462,Vieną kartą Anatolijoje,/title/tt1827487/,2011,7.9
https://m.media-amazon.com/images/G/01/imdb/images/nopicture/large/film-184890147._CB470041630_.png,463,The Artist,/title/tt1655442/,I 2011,7.9
https://m.media-amazon.com/images/G/01/imdb/images/nopicture/large/film-184890147._CB470041630_.png,464,Edge of Tomorrow,/title/tt1631867/,2014,7.9
https://m.media-amazon.com/images/G/01/imdb/images/nopicture/large/film-184890147._CB470041630_.png,465,Amour,/title/tt1602620/,2012,7.9
https://m.media-amazon.com/images/G/01/imdb/images/nopicture/large/film-184890147._CB470041630_.png,466,Straight Outta Compton,/title/tt1398426/,2015,7.9
https://m.media-amazon.com/images/G/01/imdb/images/nopicture/large/film-184890147._CB470041630_.png,467,A Prophet,/title/tt1235166/,2009,7.9
https://m.media-amazon.com/images/G/01/imdb/images/nopicture/large/film-184890147._CB470041630_.png,468,The Chaser,/title/tt1190539/,2008,7.9
https://m.media-amazon.com/images/G/01/imdb/images/nopicture/large/film-184890147._CB470041630_.png,469,Moon,/title/tt1182345/,2009,7.9
https://m.media-amazon.com/images/G/01/imdb/images/nopicture/large/film-184890147._CB470041630_.png,470,Let the Right One In,/title/tt1139797/,2008,7.9
https://m.media-amazon.com/images/G/01/imdb/images/nopicture/large/film-184890147._CB470041630_.png,471,District 9,/title/tt1136608/,2009,7.9
https://m.media-amazon.com/images/G/01/imdb/images/nopicture/large/film-184890147._CB470041630_.png,472,The Wrestler,/title/tt1125849/,2008,7.9
https://m.media-amazon.com/images/G/01/imdb/images/nopicture/large/film-184890147._CB470041630_.png,473,Jab We Met,/title/tt1093370/,2007,7.9
https://m.media-amazon.com/images/G/01/imdb/images/nopicture/large/film-184890147._CB470041630_.png,474,Boyhood,/title/tt1065073/,I 2014,7.9
https://m.media-amazon.com/images/G/01/imdb/images/nopicture/large/film-184890147._CB470041630_.png,475,"4 Months, 3 Weeks and 2 Days",/title/tt1032846/,2007,7.9
https://m.media-amazon.com/images/G/01/imdb/images/nopicture/large/film-184890147._CB470041630_.png,476,Star Trek,/title/tt0796366/,2009,7.9
https://m.media-amazon.com/images/G/01/imdb/images/nopicture/large/film-184890147._CB470041630_.png,477,In Bruges,/title/tt0780536/,2008,7.9
https://m.media-amazon.com/images/G/01/imdb/images/nopicture/large/film-184890147._CB470041630_.png,478,The Man from Earth,/title/tt0756683/,2007,7.9
https://m.media-amazon.com/images/G/01/imdb/images/nopicture/large/film-184890147._CB470041630_.png,479,Letters from Iwo Jima,/title/tt0498380/,2006,7.9
https://m.media-amazon.com/images/G/01/imdb/images/nopicture/large/film-184890147._CB470041630_.png,480,The Fall,/title/tt0460791/,2006,7.9
https://m.media-amazon.com/images/G/01/imdb/images/nopicture/large/film-184890147._CB470041630_.png,481,Life of Pi,/title/tt0454876/,2012,7.9
https://m.media-amazon.com/images/G/01/imdb/images/nopicture/large/film-184890147._CB470041630_.png,482,C.R.A.Z.Y.,/title/tt0401085/,2005,7.9
https://m.media-amazon.com/images/G/01/imdb/images/nopicture/large/film-184890147._CB470041630_.png,483,The Chorus,/title/tt0372824/,2004,7.9
https://m.media-amazon.com/images/G/01/imdb/images/nopicture/large/film-184890147._CB470041630_.png,484,Iron Man,/title/tt0371746/,2008,7.9
https://m.media-amazon.com/images/G/01/imdb/images/nopicture/large/film-184890147._CB470041630_.png,485,Shaun of the Dead,/title/tt0365748/,2004,7.9
https://m.media-amazon.com/images/G/01/imdb/images/nopicture/large/film-184890147._CB470041630_.png,486,Head-On,/title/tt0347048/,2004,7.9
https://m.media-amazon.com/images/G/01/imdb/images/nopicture/large/film-184890147._CB470041630_.png,487,Mystic River,/title/tt0327056/,2003,7.9
https://m.media-amazon.com/images/G/01/imdb/images/nopicture/large/film-184890147._CB470041630_.png,488,Harry Potter and the Prisoner of Azkaban,/title/tt0304141/,2004,7.9
https://m.media-amazon.com/images/G/01/imdb/images/nopicture/large/film-184890147._CB470041630_.png,489,Hero,/title/tt0299977/,2002,7.9
https://m.media-amazon.com/images/G/01/imdb/images/nopicture/large/film-184890147._CB470041630_.png,490,Talk to Her,/title/tt0287467/,2002,7.9
https://m.media-amazon.com/images/G/01/imdb/images/nopicture/large/film-184890147._CB470041630_.png,491,No Man's Land,/title/tt0283509/,I 2001,7.9
https://m.media-amazon.com/images/G/01/imdb/images/nopicture/large/film-184890147._CB470041630_.png,492,Cowboy Bebop: The Movie,/title/tt0275277/,2001,7.9
https://m.media-amazon.com/images/G/01/imdb/images/nopicture/large/film-184890147._CB470041630_.png,493,The Bourne Identity,/title/tt0258463/,2002,7.9
https://m.media-amazon.com/images/G/01/imdb/images/nopicture/large/film-184890147._CB470041630_.png,494,Nine Queens,/title/tt0247586/,2000,7.9
https://m.media-amazon.com/images/G/01/imdb/images/nopicture/large/film-184890147._CB470041630_.png,495,Children of Men,/title/tt0206634/,2006,7.9
https://m.media-amazon.com/images/G/01/imdb/images/nopicture/large/film-184890147._CB470041630_.png,496,Almost Famous,/title/tt0181875/,2000,7.9
https://m.media-amazon.com/images/G/01/imdb/images/nopicture/large/film-184890147._CB470041630_.png,497,Mulholland Drive,/title/tt0166924/,2001,7.9
https://m.media-amazon.com/images/G/01/imdb/images/nopicture/large/film-184890147._CB470041630_.png,498,Toy Story 2,/title/tt0120363/,1999,7.9
https://m.media-amazon.com/images/G/01/imdb/images/nopicture/large/film-184890147._CB470041630_.png,499,Boogie Nights,/title/tt0118749/,1997,7.9
https://m.media-amazon.com/images/G/01/imdb/images/nopicture/large/film-184890147._CB470041630_.png,500,Breaking the Waves,/title/tt0115751/,1996,7.9
https://m.media-amazon.com/images/G/01/imdb/images/nopicture/large/film-184890147._CB470041630_.png,501,Once Were Warriors,/title/tt0110729/,1994,7.9
https://m.media-amazon.com/images/G/01/imdb/images/nopicture/large/film-184890147._CB470041630_.png,502,True Romance,/title/tt0108399/,1993,7.9
https://m.media-amazon.com/images/G/01/imdb/images/nopicture/large/film-184890147._CB470041630_.png,503,Three Colors: Blue,/title/tt0108394/,1993,7.9
https://m.media-amazon.com/images/G/01/imdb/images/nopicture/large/film-184890147._CB470041630_.png,504,Ninja Scroll,/title/tt0107692/,1993,7.9
https://m.media-amazon.com/images/G/01/imdb/images/nopicture/large/film-184890147._CB470041630_.png,505,Carlito's Way,/title/tt0106519/,1993,7.9
https://m.media-amazon.com/images/G/01/imdb/images/nopicture/large/film-184890147._CB470041630_.png,506,Edward Scissorhands,/title/tt0099487/,1990,7.9
https://m.media-amazon.com/images/G/01/imdb/images/nopicture/large/film-184890147._CB470041630_.png,507,My Left Foot,/title/tt0097937/,1989,7.9
https://m.media-amazon.com/images/G/01/imdb/images/nopicture/large/film-184890147._CB470041630_.png,508,Kiki's Delivery Service,/title/tt0097814/,1989,7.9
https://m.media-amazon.com/images/G/01/imdb/images/nopicture/large/film-184890147._CB470041630_.png,509,Do the Right Thing,/title/tt0097216/,1989,7.9
https://m.media-amazon.com/images/G/01/imdb/images/nopicture/large/film-184890147._CB470041630_.png,510,Crimes and Misdemeanors,/title/tt0097123/,1989,7.9
https://m.media-amazon.com/images/G/01/imdb/images/nopicture/large/film-184890147._CB470041630_.png,511,The Untouchables,/title/tt0094226/,1987,7.9
https://m.media-amazon.com/images/G/01/imdb/images/nopicture/large/film-184890147._CB470041630_.png,512,Hannah and Her Sisters,/title/tt0091167/,1986,7.9
https://m.media-amazon.com/images/G/01/imdb/images/nopicture/large/film-184890147._CB470041630_.png,513,The Breakfast Club,/title/tt0088847/,1985,7.9
https://m.media-amazon.com/images/G/01/imdb/images/nopicture/large/film-184890147._CB470041630_.png,514,Brazil,/title/tt0088846/,1985,7.9
https://m.media-amazon.com/images/G/01/imdb/images/nopicture/large/film-184890147._CB470041630_.png,515,This Is Spinal Tap,/title/tt0088258/,1984,7.9
https://m.media-amazon.com/images/G/01/imdb/images/nopicture/large/film-184890147._CB470041630_.png,516,The Blues Brothers,/title/tt0080455/,1980,7.9
https://m.media-amazon.com/images/G/01/imdb/images/nopicture/large/film-184890147._CB470041630_.png,517,Manhattan,/title/tt0079522/,1979,7.9
https://m.media-amazon.com/images/G/01/imdb/images/nopicture/large/film-184890147._CB470041630_.png,518,All That Jazz,/title/tt0078754/,1979,7.9
https://m.media-amazon.com/images/G/01/imdb/images/nopicture/large/film-184890147._CB470041630_.png,519,Days of Heaven,/title/tt0077405/,1978,7.9
https://m.media-amazon.com/images/G/01/imdb/images/nopicture/large/film-184890147._CB470041630_.png,520,Dawn of the Dead,/title/tt0077402/,1978,7.9
https://m.media-amazon.com/images/G/01/imdb/images/nopicture/large/film-184890147._CB470041630_.png,521,The Outlaw Josey Wales,/title/tt0075029/,1976,7.9
https://m.media-amazon.com/images/G/01/imdb/images/nopicture/large/film-184890147._CB470041630_.png,522,The Holy Mountain,/title/tt0071615/,1973,7.9
https://m.media-amazon.com/images/G/01/imdb/images/nopicture/large/film-184890147._CB470041630_.png,523,Amarcord,/title/tt0071129/,1973,7.9
https://m.media-amazon.com/images/G/01/imdb/images/nopicture/large/film-184890147._CB470041630_.png,524,The Discreet Charm of the Bourgeoisie,/title/tt0068361/,1972,7.9
https://m.media-amazon.com/images/G/01/imdb/images/nopicture/large/film-184890147._CB470041630_.png,525,Harold and Maude,/title/tt0067185/,1971,7.9
https://m.media-amazon.com/images/G/01/imdb/images/nopicture/large/film-184890147._CB470041630_.png,526,Patton,/title/tt0066206/,1970,7.9
https://m.media-amazon.com/images/G/01/imdb/images/nopicture/large/film-184890147._CB470041630_.png,527,The Wild Bunch,/title/tt0065214/,1969,7.9
https://m.media-amazon.com/images/G/01/imdb/images/nopicture/large/film-184890147._CB470041630_.png,528,Night of the Living Dead,/title/tt0063350/,1968,7.9
https://m.media-amazon.com/images/G/01/imdb/images/nopicture/large/film-184890147._CB470041630_.png,529,The Lion in Winter,/title/tt0063227/,1968,7.9
https://m.media-amazon.com/images/G/01/imdb/images/nopicture/large/film-184890147._CB470041630_.png,530,Charade,/title/tt0056923/,1963,7.9
https://m.media-amazon.com/images/G/01/imdb/images/nopicture/large/film-184890147._CB470041630_.png,531,The Manchurian Candidate,/title/tt0056218/,1962,7.9
https://m.media-amazon.com/images/G/01/imdb/images/nopicture/large/film-184890147._CB470041630_.png,532,Spartacus,/title/tt0054331/,1960,7.9
https://m.media-amazon.com/images/G/01/imdb/images/nopicture/large/film-184890147._CB470041630_.png,533,Breathless,/title/tt0053472/,1960,7.9
https://m.media-amazon.com/images/G/01/imdb/images/nopicture/large/film-184890147._CB470041630_.png,534,Hiroshima Mon Amour,/title/tt0052893/,1959,7.9
https://m.media-amazon.com/images/G/01/imdb/images/nopicture/large/film-184890147._CB470041630_.png,535,The Searchers,/title/tt0049730/,1956,7.9
https://m.media-amazon.com/images/G/01/imdb/images/nopicture/large/film-184890147._CB470041630_.png,536,East of Eden,/title/tt0048028/,1955,7.9
https://m.media-amazon.com/images/G/01/imdb/images/nopicture/large/film-184890147._CB470041630_.png,537,High Noon,/title/tt0044706/,1952,7.9
https://m.media-amazon.com/images/G/01/imdb/images/nopicture/large/film-184890147._CB470041630_.png,538,Harvey,/title/tt0042546/,1950,7.9
https://m.media-amazon.com/images/G/01/imdb/images/nopicture/large/film-184890147._CB470041630_.png,539,Miracle on 34th Street,/title/tt0039628/,1947,7.9
https://m.media-amazon.com/images/G/01/imdb/images/nopicture/large/film-184890147._CB470041630_.png,540,Notorious,/title/tt0038787/,1946,7.9
https://m.media-amazon.com/images/G/01/imdb/images/nopicture/large/film-184890147._CB470041630_.png,541,The Big Sleep,/title/tt0038355/,1946,7.9
https://m.media-amazon.com/images/G/01/imdb/images/nopicture/large/film-184890147._CB470041630_.png,542,The Lost Weekend,/title/tt0037884/,1945,7.9
https://m.media-amazon.com/images/G/01/imdb/images/nopicture/large/film-184890147._CB470041630_.png,543,To Have and Have Not,/title/tt0037382/,1944,7.9
https://m.media-amazon.com/images/G/01/imdb/images/nopicture/large/film-184890147._CB470041630_.png,544,Shadow of a Doubt,/title/tt0036342/,1943,7.9
https://m.media-amazon.com/images/G/01/imdb/images/nopicture/large/film-184890147._CB470041630_.png,545,The Philadelphia Story,/title/tt0032904/,1940,7.9
https://m.media-amazon.com/images/G/01/imdb/images/nopicture/large/film-184890147._CB470041630_.png,546,His Girl Friday,/title/tt0032599/,1940,7.9
https://m.media-amazon.com/images/G/01/imdb/images/nopicture/large/film-184890147._CB470041630_.png,547,Stagecoach,/title/tt0031971/,1939,7.9
https://m.media-amazon.com/images/G/01/imdb/images/nopicture/large/film-184890147._CB470041630_.png,548,Bringing Up Baby,/title/tt0029947/,1938,7.9
https://m.media-amazon.com/images/G/01/imdb/images/nopicture/large/film-184890147._CB470041630_.png,549,The Adventures of Robin Hood,/title/tt0029843/,1938,7.9
https://m.media-amazon.com/images/G/01/imdb/images/nopicture/large/film-184890147._CB470041630_.png,550,A Night at the Opera,/title/tt0026778/,1935,7.9
https://m.media-amazon.com/images/G/01/imdb/images/nopicture/large/film-184890147._CB470041630_.png,551,King Kong,/title/tt0024216/,1933,7.9
https://m.media-amazon.com/images/G/01/imdb/images/nopicture/large/film-184890147._CB470041630_.png,552,Freaks,/title/tt0022913/,1932,7.9
https://m.media-amazon.com/images/G/01/imdb/images/nopicture/large/film-184890147._CB470041630_.png,553,Nosferatu,/title/tt0013442/,1922,7.9
https://m.media-amazon.com/images/G/01/imdb/images/nopicture/large/film-184890147._CB470041630_.png,554,Once Upon a Time... in Hollywood,/title/tt7131622/,2019,7.8
https://m.media-amazon.com/images/G/01/imdb/images/nopicture/large/film-184890147._CB470041630_.png,555,The Salesman,/title/tt5186714/,2016,7.8
https://m.media-amazon.com/images/G/01/imdb/images/nopicture/large/film-184890147._CB470041630_.png,556,Mission: Impossible - Fallout,/title/tt4912910/,2018,7.8
https://m.media-amazon.com/images/G/01/imdb/images/nopicture/large/film-184890147._CB470041630_.png,557,Tobuli melagiai,/title/tt4901306/,2016,7.8
https://m.media-amazon.com/images/G/01/imdb/images/nopicture/large/film-184890147._CB470041630_.png,558,Hidden Figures,/title/tt4846340/,2016,7.8
https://m.media-amazon.com/images/G/01/imdb/images/nopicture/large/film-184890147._CB470041630_.png,559,Paddington 2,/title/tt4468740/,2017,7.8
https://m.media-amazon.com/images/G/01/imdb/images/nopicture/large/film-184890147._CB470041630_.png,560,Kubo and the Two Strings,/title/tt4302938/,2016,7.8
https://m.media-amazon.com/images/G/01/imdb/images/nopicture/large/film-184890147._CB470041630_.png,561,Manchester by the Sea,/title/tt4034228/,2016,7.8
https://m.media-amazon.com/images/G/01/imdb/images/nopicture/large/film-184890147._CB470041630_.png,562,Land of Mine,/title/tt3841424/,2015,7.8
https://m.media-amazon.com/images/G/01/imdb/images/nopicture/large/film-184890147._CB470041630_.png,563,Rogue One: A Star Wars Story,/title/tt3748528/,2016,7.8
https://m.media-amazon.com/images/G/01/imdb/images/nopicture/large/film-184890147._CB470041630_.png,564,Captain America: Civil War,/title/tt3498820/,2016,7.8
https://m.media-amazon.com/images/G/01/imdb/images/nopicture/large/film-184890147._CB470041630_.png,565,The Hateful Eight,/title/tt3460252/,2015,7.8
https://m.media-amazon.com/images/G/01/imdb/images/nopicture/large/film-184890147._CB470041630_.png,566,Loving Vincent,/title/tt3262342/,2017,7.8
https://m.media-amazon.com/images/G/01/imdb/images/nopicture/large/film-184890147._CB470041630_.png,567,Pride,/title/tt3169706/,I 2014,7.8
https://m.media-amazon.com/images/G/01/imdb/images/nopicture/large/film-184890147._CB470041630_.png,568,The Past,/title/tt2404461/,2013,7.8
https://m.media-amazon.com/images/G/01/imdb/images/nopicture/large/film-184890147._CB470041630_.png,569,The Great Beauty,/title/tt2358891/,2013,7.8
https://m.media-amazon.com/images/G/01/imdb/images/nopicture/large/film-184890147._CB470041630_.png,570,The Lunchbox,/title/tt2350496/,2013,7.8
https://m.media-amazon.com/images/G/01/imdb/images/nopicture/large/film-184890147._CB470041630_.png,571,Vicky Donor,/title/tt2317337/,2012,7.8
https://m.media-amazon.com/images/G/01/imdb/images/nopicture/large/film-184890147._CB470041630_.png,572,Big Hero 6,/title/tt2245084/,2014,7.8
https://m.media-amazon.com/images/G/01/imdb/images/nopicture/large/film-184890147._CB470041630_.png,573,About Time,/title/tt2194499/,I 2013,7.8
https://m.media-amazon.com/images/G/01/imdb/images/nopicture/large/film-184890147._CB470041630_.png,574,English Vinglish,/title/tt2181931/,2012,7.8
https://m.media-amazon.com/images/G/01/imdb/images/nopicture/large/film-184890147._CB470041630_.png,575,The Broken Circle Breakdown,/title/tt2024519/,2012,7.8
https://m.media-amazon.com/images/G/01/imdb/images/nopicture/large/film-184890147._CB470041630_.png,576,The Wind Rises,/title/tt2013293/,2013,7.8
https://m.media-amazon.com/images/G/01/imdb/images/nopicture/large/film-184890147._CB470041630_.png,577,The Best Offer,/title/tt1924396/,2013,7.8
https://m.media-amazon.com/images/G/01/imdb/images/nopicture/large/film-184890147._CB470041630_.png,578,Moonrise Kingdom,/title/tt1748122/,2012,7.8
https://m.media-amazon.com/images/G/01/imdb/images/nopicture/large/film-184890147._CB470041630_.png,579,How to Train Your Dragon 2,/title/tt1646971/,2014,7.8
https://m.media-amazon.com/images/G/01/imdb/images/nopicture/large/film-184890147._CB470041630_.png,580,The Big Short,/title/tt1596363/,2015,7.8
https://m.media-amazon.com/images/G/01/imdb/images/nopicture/large/film-184890147._CB470041630_.png,581,Confessions,/title/tt1590089/,2010,7.8
https://m.media-amazon.com/images/G/01/imdb/images/nopicture/large/film-184890147._CB470041630_.png,582,I Saw the Devil,/title/tt1588170/,2010,7.8
https://m.media-amazon.com/images/G/01/imdb/images/nopicture/large/film-184890147._CB470041630_.png,583,The Girl with the Dragon Tattoo,/title/tt1568346/,2011,7.8
https://m.media-amazon.com/images/G/01/imdb/images/nopicture/large/film-184890147._CB470041630_.png,584,Captain Phillips,/title/tt1535109/,2013,7.8
https://m.media-amazon.com/images/G/01/imdb/images/nopicture/large/film-184890147._CB470041630_.png,585,The Man from Nowhere,/title/tt1527788/,2010,7.8
https://m.media-amazon.com/images/G/01/imdb/images/nopicture/large/film-184890147._CB470041630_.png,586,The Lego Movie,/title/tt1490017/,2014,7.8
https://m.media-amazon.com/images/G/01/imdb/images/nopicture/large/film-184890147._CB470041630_.png,587,Mother,/title/tt1216496/,2009,7.8
https://m.media-amazon.com/images/G/01/imdb/images/nopicture/large/film-184890147._CB470041630_.png,588,The Hobbit: The Desolation of Smaug,/title/tt1170358/,2013,7.8
https://m.media-amazon.com/images/G/01/imdb/images/nopicture/large/film-184890147._CB470041630_.png,589,The White Ribbon,/title/tt1149362/,2009,7.8
https://m.media-amazon.com/images/G/01/imdb/images/nopicture/large/film-184890147._CB470041630_.png,590,The Girl with the Dragon Tattoo,/title/tt1132620/,2009,7.8
https://m.media-amazon.com/images/G/01/imdb/images/nopicture/large/film-184890147._CB470041630_.png,591,The Fighter,/title/tt0964517/,I 2010,7.8
https://m.media-amazon.com/images/G/01/imdb/images/nopicture/large/film-184890147._CB470041630_.png,592,Taken,/title/tt0936501/,I 2008,7.8
https://m.media-amazon.com/images/G/01/imdb/images/nopicture/large/film-184890147._CB470041630_.png,593,The Boy in the Striped Pajamas,/title/tt0914798/,2008,7.8
https://m.media-amazon.com/images/G/01/imdb/images/nopicture/large/film-184890147._CB470041630_.png,594,Once,/title/tt0907657/,I 2007,7.8
https://m.media-amazon.com/images/G/01/imdb/images/nopicture/large/film-184890147._CB470041630_.png,595,The Hobbit: An Unexpected Journey,/title/tt0903624/,2012,7.8
https://m.media-amazon.com/images/G/01/imdb/images/nopicture/large/film-184890147._CB470041630_.png,596,The Edge of Heaven,/title/tt0880502/,2007,7.8
https://m.media-amazon.com/images/G/01/imdb/images/nopicture/large/film-184890147._CB470041630_.png,597,The Girl Who Leapt Through Time,/title/tt0808506/,2006,7.8
https://m.media-amazon.com/images/G/01/imdb/images/nopicture/large/film-184890147._CB470041630_.png,598,Atonement,/title/tt0783233/,2007,7.8
https://m.media-amazon.com/images/G/01/imdb/images/nopicture/large/film-184890147._CB470041630_.png,599,Drive,/title/tt0780504/,I 2011,7.8
https://m.media-amazon.com/images/G/01/imdb/images/nopicture/large/film-184890147._CB470041630_.png,600,American Gangster,/title/tt0765429/,2007,7.8
https://m.media-amazon.com/images/G/01/imdb/images/nopicture/large/film-184890147._CB470041630_.png,601,Avatar,/title/tt0499549/,2009,7.8
https://m.media-amazon.com/images/G/01/imdb/images/nopicture/large/film-184890147._CB470041630_.png,602,Mr. Nobody,/title/tt0485947/,2009,7.8
https://m.media-amazon.com/images/G/01/imdb/images/nopicture/large/film-184890147._CB470041630_.png,603,Apocalypto,/title/tt0472043/,2006,7.8
https://m.media-amazon.com/images/G/01/imdb/images/nopicture/large/film-184890147._CB470041630_.png,604,Little Miss Sunshine,/title/tt0449059/,2006,7.8
https://m.media-amazon.com/images/G/01/imdb/images/nopicture/large/film-184890147._CB470041630_.png,605,Fantastic Mr. Fox,/title/tt0432283/,2009,7.8
https://m.media-amazon.com/images/G/01/imdb/images/nopicture/large/film-184890147._CB470041630_.png,606,Hot Fuzz,/title/tt0425112/,2007,7.8
https://m.media-amazon.com/images/G/01/imdb/images/nopicture/large/film-184890147._CB470041630_.png,607,The Curious Case of Benjamin Button,/title/tt0421715/,2008,7.8
https://m.media-amazon.com/images/G/01/imdb/images/nopicture/large/film-184890147._CB470041630_.png,608,Veer-Zaara,/title/tt0420332/,2004,7.8
https://m.media-amazon.com/images/G/01/imdb/images/nopicture/large/film-184890147._CB470041630_.png,609,Adam's Apples,/title/tt0418455/,2005,7.8
https://m.media-amazon.com/images/G/01/imdb/images/nopicture/large/film-184890147._CB470041630_.png,610,Pride & Prejudice,/title/tt0414387/,2005,7.8
https://m.media-amazon.com/images/G/01/imdb/images/nopicture/large/film-184890147._CB470041630_.png,611,The World's Fastest Indian,/title/tt0412080/,2005,7.8
https://m.media-amazon.com/images/G/01/imdb/images/nopicture/large/film-184890147._CB470041630_.png,612,Tokyo Godfathers,/title/tt0388473/,2003,7.8
https://m.media-amazon.com/images/G/01/imdb/images/nopicture/large/film-184890147._CB470041630_.png,613,Serenity,/title/tt0379786/,2005,7.8
https://m.media-amazon.com/images/G/01/imdb/images/nopicture/large/film-184890147._CB470041630_.png,614,Crash,/title/tt0375679/,I 2004,7.8
https://m.media-amazon.com/images/G/01/imdb/images/nopicture/large/film-184890147._CB470041630_.png,615,Walk the Line,/title/tt0358273/,2005,7.8
https://m.media-amazon.com/images/G/01/imdb/images/nopicture/large/film-184890147._CB470041630_.png,616,Evil,/title/tt0338309/,2003,7.8
https://m.media-amazon.com/images/G/01/imdb/images/nopicture/large/film-184890147._CB470041630_.png,617,The Notebook,/title/tt0332280/,2004,7.8
https://m.media-amazon.com/images/G/01/imdb/images/nopicture/large/film-184890147._CB470041630_.png,618,The Motorcycle Diaries,/title/tt0318462/,2004,7.8
https://m.media-amazon.com/images/G/01/imdb/images/nopicture/large/film-184890147._CB470041630_.png,619,Lilya 4-Ever,/title/tt0300140/,2002,7.8
https://m.media-amazon.com/images/G/01/imdb/images/nopicture/large/film-184890147._CB470041630_.png,620,The Triplets of Belleville,/title/tt0286244/,2003,7.8
https://m.media-amazon.com/images/G/01/imdb/images/nopicture/large/film-184890147._CB470041630_.png,621,The Count of Monte Cristo,/title/tt0245844/,2002,7.8
https://m.media-amazon.com/images/G/01/imdb/images/nopicture/large/film-184890147._CB470041630_.png,622,Waking Life,/title/tt0243017/,2001,7.8
https://m.media-amazon.com/images/G/01/imdb/images/nopicture/large/film-184890147._CB470041630_.png,623,Ocean's Eleven,/title/tt0240772/,2001,7.8
https://m.media-amazon.com/images/G/01/imdb/images/nopicture/large/film-184890147._CB470041630_.png,624,Remember the Titans,/title/tt0210945/,2000,7.8
https://m.media-amazon.com/images/G/01/imdb/images/nopicture/large/film-184890147._CB470041630_.png,625,"Crouching Tiger, Hidden Dragon",/title/tt0190332/,2000,7.8
https://m.media-amazon.com/images/G/01/imdb/images/nopicture/large/film-184890147._CB470041630_.png,626,All About My Mother,/title/tt0185125/,1999,7.8
https://m.media-amazon.com/images/G/01/imdb/images/nopicture/large/film-184890147._CB470041630_.png,627,Cast Away,/title/tt0162222/,2000,7.8
https://m.media-amazon.com/images/G/01/imdb/images/nopicture/large/film-184890147._CB470041630_.png,628,The Boondock Saints,/title/tt0144117/,1999,7.8
https://m.media-amazon.com/images/G/01/imdb/images/nopicture/large/film-184890147._CB470041630_.png,629,The Insider,/title/tt0140352/,1999,7.8
https://m.media-amazon.com/images/G/01/imdb/images/nopicture/large/film-184890147._CB470041630_.png,630,October Sky,/title/tt0132477/,1999,7.8
https://m.media-amazon.com/images/G/01/imdb/images/nopicture/large/film-184890147._CB470041630_.png,631,Shrek,/title/tt0126029/,2001,7.8
https://m.media-amazon.com/images/G/01/imdb/images/nopicture/large/film-184890147._CB470041630_.png,632,Open Your Eyes,/title/tt0125659/,1997,7.8
https://m.media-amazon.com/images/G/01/imdb/images/nopicture/large/film-184890147._CB470041630_.png,633,Titanic,/title/tt0120338/,1997,7.8
https://m.media-amazon.com/images/G/01/imdb/images/nopicture/large/film-184890147._CB470041630_.png,634,Fireworks,/title/tt0119250/,1997,7.8
https://m.media-amazon.com/images/G/01/imdb/images/nopicture/large/film-184890147._CB470041630_.png,635,Gattaca,/title/tt0119177/,1997,7.8
https://m.media-amazon.com/images/G/01/imdb/images/nopicture/large/film-184890147._CB470041630_.png,636,The Game,/title/tt0119174/,1997,7.8
https://m.media-amazon.com/images/G/01/imdb/images/nopicture/large/film-184890147._CB470041630_.png,637,Ed Wood,/title/tt0109707/,1994,7.8
https://m.media-amazon.com/images/G/01/imdb/images/nopicture/large/film-184890147._CB470041630_.png,638,What's Eating Gilbert Grape,/title/tt0108550/,1993,7.8
https://m.media-amazon.com/images/G/01/imdb/images/nopicture/large/film-184890147._CB470041630_.png,639,Tombstone,/title/tt0108358/,1993,7.8
https://m.media-amazon.com/images/G/01/imdb/images/nopicture/large/film-184890147._CB470041630_.png,640,The Sandlot,/title/tt0108037/,1993,7.8
https://m.media-amazon.com/images/G/01/imdb/images/nopicture/large/film-184890147._CB470041630_.png,641,The Remains of the Day,/title/tt0107943/,1993,7.8
https://m.media-amazon.com/images/G/01/imdb/images/nopicture/large/film-184890147._CB470041630_.png,642,Naked,/title/tt0107653/,1993,7.8
https://m.media-amazon.com/images/G/01/imdb/images/nopicture/large/film-184890147._CB470041630_.png,643,The Fugitive,/title/tt0106977/,1993,7.8
https://m.media-amazon.com/images/G/01/imdb/images/nopicture/large/film-184890147._CB470041630_.png,644,A Bronx Tale,/title/tt0106489/,1993,7.8
https://m.media-amazon.com/images/G/01/imdb/images/nopicture/large/film-184890147._CB470041630_.png,645,Batman: Mask of the Phantasm,/title/tt0106364/,1993,7.8
https://m.media-amazon.com/images/G/01/imdb/images/nopicture/large/film-184890147._CB470041630_.png,646,Hard Boiled,/title/tt0104684/,1992,7.8
https://m.media-amazon.com/images/G/01/imdb/images/nopicture/large/film-184890147._CB470041630_.png,647,Porco Rosso,/title/tt0104652/,1992,7.8
https://m.media-amazon.com/images/G/01/imdb/images/nopicture/large/film-184890147._CB470041630_.png,648,Night on Earth,/title/tt0102536/,1991,7.8
https://m.media-amazon.com/images/G/01/imdb/images/nopicture/large/film-184890147._CB470041630_.png,649,The Double Life of Véronique,/title/tt0101765/,1991,7.8
https://m.media-amazon.com/images/G/01/imdb/images/nopicture/large/film-184890147._CB470041630_.png,650,Misery,/title/tt0100157/,1990,7.8
https://m.media-amazon.com/images/G/01/imdb/images/nopicture/large/film-184890147._CB470041630_.png,651,Miller's Crossing,/title/tt0100150/,1990,7.8
https://m.media-amazon.com/images/G/01/imdb/images/nopicture/large/film-184890147._CB470041630_.png,652,Awakenings,/title/tt0099077/,1990,7.8
https://m.media-amazon.com/images/G/01/imdb/images/nopicture/large/film-184890147._CB470041630_.png,653,Glory,/title/tt0097441/,1989,7.8
https://m.media-amazon.com/images/G/01/imdb/images/nopicture/large/film-184890147._CB470041630_.png,654,The Killer,/title/tt0097202/,1989,7.8
https://m.media-amazon.com/images/G/01/imdb/images/nopicture/large/film-184890147._CB470041630_.png,655,Back to the Future Part II,/title/tt0096874/,1989,7.8
https://m.media-amazon.com/images/G/01/imdb/images/nopicture/large/film-184890147._CB470041630_.png,656,The Vanishing,/title/tt0096163/,1988,7.8
https://m.media-amazon.com/images/G/01/imdb/images/nopicture/large/film-184890147._CB470041630_.png,657,Mississippi Burning,/title/tt0095647/,1988,7.8
https://m.media-amazon.com/images/G/01/imdb/images/nopicture/large/film-184890147._CB470041630_.png,658,Predator,/title/tt0093773/,1987,7.8
https://m.media-amazon.com/images/G/01/imdb/images/nopicture/large/film-184890147._CB470041630_.png,659,Evil Dead II,/title/tt0092991/,1987,7.8
https://m.media-amazon.com/images/G/01/imdb/images/nopicture/large/film-184890147._CB470041630_.png,660,Empire of the Sun,/title/tt0092965/,1987,7.8
https://m.media-amazon.com/images/G/01/imdb/images/nopicture/large/film-184890147._CB470041630_.png,661,Ferris Bueller's Day Off,/title/tt0091042/,1986,7.8
https://m.media-amazon.com/images/G/01/imdb/images/nopicture/large/film-184890147._CB470041630_.png,662,Down by Law,/title/tt0090967/,1986,7.8
https://m.media-amazon.com/images/G/01/imdb/images/nopicture/large/film-184890147._CB470041630_.png,663,Blue Velvet,/title/tt0090756/,1986,7.8
https://m.media-amazon.com/images/G/01/imdb/images/nopicture/large/film-184890147._CB470041630_.png,664,The Goonies,/title/tt0089218/,1985,7.8
https://m.media-amazon.com/images/G/01/imdb/images/nopicture/large/film-184890147._CB470041630_.png,665,The Color Purple,/title/tt0088939/,1985,7.8
https://m.media-amazon.com/images/G/01/imdb/images/nopicture/large/film-184890147._CB470041630_.png,666,The Killing Fields,/title/tt0087553/,1984,7.8
https://m.media-amazon.com/images/G/01/imdb/images/nopicture/large/film-184890147._CB470041630_.png,667,Ghostbusters,/title/tt0087332/,1984,7.8
https://m.media-amazon.com/images/G/01/imdb/images/nopicture/large/film-184890147._CB470041630_.png,668,The Right Stuff,/title/tt0086197/,1983,7.8
https://m.media-amazon.com/images/G/01/imdb/images/nopicture/large/film-184890147._CB470041630_.png,669,The King of Comedy,/title/tt0085794/,1982,7.8
https://m.media-amazon.com/images/G/01/imdb/images/nopicture/large/film-184890147._CB470041630_.png,670,E.T. the Extra-Terrestrial,/title/tt0083866/,1982,7.8
https://m.media-amazon.com/images/G/01/imdb/images/nopicture/large/film-184890147._CB470041630_.png,671,Kramer vs. Kramer,/title/tt0079417/,1979,7.8
https://m.media-amazon.com/images/G/01/imdb/images/nopicture/large/film-184890147._CB470041630_.png,672,Halloween,/title/tt0077651/,1978,7.8
https://m.media-amazon.com/images/G/01/imdb/images/nopicture/large/film-184890147._CB470041630_.png,673,The Man Who Would Be King,/title/tt0073341/,1975,7.8
https://m.media-amazon.com/images/G/01/imdb/images/nopicture/large/film-184890147._CB470041630_.png,674,The Conversation,/title/tt0071360/,1974,7.8
https://m.media-amazon.com/images/G/01/imdb/images/nopicture/large/film-184890147._CB470041630_.png,675,The Day of the Jackal,/title/tt0069947/,1973,7.8
https://m.media-amazon.com/images/G/01/imdb/images/nopicture/large/film-184890147._CB470041630_.png,676,Badlands,/title/tt0069762/,1973,7.8
https://m.media-amazon.com/images/G/01/imdb/images/nopicture/large/film-184890147._CB470041630_.png,677,Cabaret,/title/tt0068327/,1972,7.8
https://m.media-amazon.com/images/G/01/imdb/images/nopicture/large/film-184890147._CB470041630_.png,678,Willy Wonka & the Chocolate Factory,/title/tt0067992/,1971,7.8
https://m.media-amazon.com/images/G/01/imdb/images/nopicture/large/film-184890147._CB470041630_.png,679,Midnight Cowboy,/title/tt0064665/,1969,7.8
https://m.media-amazon.com/images/G/01/imdb/images/nopicture/large/film-184890147._CB470041630_.png,680,Wait Until Dark,/title/tt0062467/,1967,7.8
https://m.media-amazon.com/images/G/01/imdb/images/nopicture/large/film-184890147._CB470041630_.png,681,Guess Who's Coming to Dinner,/title/tt0061735/,1967,7.8
https://m.media-amazon.com/images/G/01/imdb/images/nopicture/large/film-184890147._CB470041630_.png,682,The Dirty Dozen,/title/tt0061578/,1967,7.8
https://m.media-amazon.com/images/G/01/imdb/images/nopicture/large/film-184890147._CB470041630_.png,683,Bonnie and Clyde,/title/tt0061418/,1967,7.8
https://m.media-amazon.com/images/G/01/imdb/images/nopicture/large/film-184890147._CB470041630_.png,684,My Fair Lady,/title/tt0058385/,1964,7.8
https://m.media-amazon.com/images/G/01/imdb/images/nopicture/large/film-184890147._CB470041630_.png,685,Mary Poppins,/title/tt0058331/,1964,7.8
https://m.media-amazon.com/images/G/01/imdb/images/nopicture/large/film-184890147._CB470041630_.png,686,The Longest Day,/title/tt0056197/,1962,7.8
https://m.media-amazon.com/images/G/01/imdb/images/nopicture/large/film-184890147._CB470041630_.png,687,Jules and Jim,/title/tt0055032/,1962,7.8
https://m.media-amazon.com/images/G/01/imdb/images/nopicture/large/film-184890147._CB470041630_.png,688,The Ten Commandments,/title/tt0049833/,1956,7.8
https://m.media-amazon.com/images/G/01/imdb/images/nopicture/large/film-184890147._CB470041630_.png,689,The Quiet Man,/title/tt0045061/,1952,7.8
https://m.media-amazon.com/images/G/01/imdb/images/nopicture/large/film-184890147._CB470041630_.png,690,Red River,/title/tt0040724/,1948,7.8
https://m.media-amazon.com/images/G/01/imdb/images/nopicture/large/film-184890147._CB470041630_.png,691,Key Largo,/title/tt0040506/,1948,7.8
https://m.media-amazon.com/images/G/01/imdb/images/nopicture/large/film-184890147._CB470041630_.png,692,Fantasia,/title/tt0032455/,1940,7.8
https://m.media-amazon.com/images/G/01/imdb/images/nopicture/large/film-184890147._CB470041630_.png,693,The Lady Vanishes,/title/tt0030341/,1938,7.8
https://m.media-amazon.com/images/G/01/imdb/images/nopicture/large/film-184890147._CB470041630_.png,694,Bride of Frankenstein,/title/tt0026138/,1935,7.8
https://m.media-amazon.com/images/G/01/imdb/images/nopicture/large/film-184890147._CB470041630_.png,695,Duck Soup,/title/tt0023969/,1933,7.8
https://m.media-amazon.com/images/G/01/imdb/images/nopicture/large/film-184890147._CB470041630_.png,696,Frankenstein,/title/tt0021884/,1931,7.8
https://m.media-amazon.com/images/G/01/imdb/images/nopicture/large/film-184890147._CB470041630_.png,697,Searching,/title/tt7668870/,III 2018,7.7
https://m.media-amazon.com/images/G/01/imdb/images/nopicture/large/film-184890147._CB470041630_.png,698,Roma,/title/tt6155172/,2018,7.7
https://m.media-amazon.com/images/G/01/imdb/images/nopicture/large/film-184890147._CB470041630_.png,699,Deadpool 2,/title/tt5463162/,2018,7.7
https://m.media-amazon.com/images/G/01/imdb/images/nopicture/large/film-184890147._CB470041630_.png,700,Wind River,/title/tt5362988/,2017,7.7
https://m.media-amazon.com/images/G/01/imdb/images/nopicture/large/film-184890147._CB470041630_.png,701,Get Out,/title/tt5052448/,I 2017,7.7
https://m.media-amazon.com/images/G/01/imdb/images/nopicture/large/film-184890147._CB470041630_.png,702,The Peanut Butter Falcon,/title/tt4364194/,2019,7.7
https://m.media-amazon.com/images/G/01/imdb/images/nopicture/large/film-184890147._CB470041630_.png,703,A Man Called Ove,/title/tt4080728/,2015,7.7
https://m.media-amazon.com/images/G/01/imdb/images/nopicture/large/film-184890147._CB470041630_.png,704,Only The Brave,/title/tt3829920/,2017,7.7
https://m.media-amazon.com/images/G/01/imdb/images/nopicture/large/film-184890147._CB470041630_.png,705,Incredibles 2,/title/tt3606756/,2018,7.7
https://m.media-amazon.com/images/G/01/imdb/images/nopicture/large/film-184890147._CB470041630_.png,706,What We Do in the Shadows,/title/tt3416742/,2014,7.7
https://m.media-amazon.com/images/G/01/imdb/images/nopicture/large/film-184890147._CB470041630_.png,707,When Marnie Was There,/title/tt3398268/,2014,7.7
https://m.media-amazon.com/images/G/01/imdb/images/nopicture/large/film-184890147._CB470041630_.png,708,The Theory of Everything,/title/tt2980516/,2014,7.7
https://m.media-amazon.com/images/G/01/imdb/images/nopicture/large/film-184890147._CB470041630_.png,709,Kingsman: The Secret Service,/title/tt2802144/,2014,7.7
https://m.media-amazon.com/images/G/01/imdb/images/nopicture/large/film-184890147._CB470041630_.png,710,The Fault in Our Stars,/title/tt2582846/,2014,7.7
https://m.media-amazon.com/images/G/01/imdb/images/nopicture/large/film-184890147._CB470041630_.png,711,Me and Earl and the Dying Girl,/title/tt2582496/,2015,7.7
https://m.media-amazon.com/images/G/01/imdb/images/nopicture/large/film-184890147._CB470041630_.png,712,Birdman or (The Unexpected Virtue of Ignorance),/title/tt2562232/,2014,7.7
https://m.media-amazon.com/images/G/01/imdb/images/nopicture/large/film-184890147._CB470041630_.png,713,Blue Is the Warmest Color,/title/tt2278871/,2013,7.7
https://m.media-amazon.com/images/G/01/imdb/images/nopicture/large/film-184890147._CB470041630_.png,714,Captain America: The Winter Soldier,/title/tt1843866/,2014,7.7
https://m.media-amazon.com/images/G/01/imdb/images/nopicture/large/film-184890147._CB470041630_.png,715,Nebraska,/title/tt1821549/,2013,7.7
https://m.media-amazon.com/images/G/01/imdb/images/nopicture/large/film-184890147._CB470041630_.png,716,Wreck-It Ralph,/title/tt1772341/,2012,7.7
https://m.media-amazon.com/images/G/01/imdb/images/nopicture/large/film-184890147._CB470041630_.png,717,The Little Prince,/title/tt1754656/,2015,7.7
https://m.media-amazon.com/images/G/01/imdb/images/nopicture/large/film-184890147._CB470041630_.png,718,Detachment,/title/tt1683526/,2011,7.7
https://m.media-amazon.com/images/G/01/imdb/images/nopicture/large/film-184890147._CB470041630_.png,719,Midnight in Paris,/title/tt1605783/,2011,7.7
https://m.media-amazon.com/images/G/01/imdb/images/nopicture/large/film-184890147._CB470041630_.png,720,A Star Is Born,/title/tt1517451/,2018,7.7
https://m.media-amazon.com/images/G/01/imdb/images/nopicture/large/film-184890147._CB470041630_.png,721,Gravity,/title/tt1454468/,2013,7.7
https://m.media-amazon.com/images/G/01/imdb/images/nopicture/large/film-184890147._CB470041630_.png,722,Star Trek Into Darkness,/title/tt1408101/,2013,7.7
https://m.media-amazon.com/images/G/01/imdb/images/nopicture/large/film-184890147._CB470041630_.png,723,Beasts of No Nation,/title/tt1365050/,2015,7.7
https://m.media-amazon.com/images/G/01/imdb/images/nopicture/large/film-184890147._CB470041630_.png,724,The Social Network,/title/tt1285016/,2010,7.7
https://m.media-amazon.com/images/G/01/imdb/images/nopicture/large/film-184890147._CB470041630_.png,725,X-Men: First Class,/title/tt1270798/,2011,7.7
https://m.media-amazon.com/images/G/01/imdb/images/nopicture/large/film-184890147._CB470041630_.png,726,The Hangover,/title/tt1119646/,2009,7.7
https://m.media-amazon.com/images/G/01/imdb/images/nopicture/large/film-184890147._CB470041630_.png,727,Skyfall,/title/tt1074638/,2012,7.7
https://m.media-amazon.com/images/G/01/imdb/images/nopicture/large/film-184890147._CB470041630_.png,728,Silver Linings Playbook,/title/tt1045658/,2012,7.7
https://m.media-amazon.com/images/G/01/imdb/images/nopicture/large/film-184890147._CB470041630_.png,729,Argo,/title/tt1024648/,2012,7.7
https://m.media-amazon.com/images/G/01/imdb/images/nopicture/large/film-184890147._CB470041630_.png,730,500 Days of Summer,/title/tt1022603/,2009,7.7
https://m.media-amazon.com/images/G/01/imdb/images/nopicture/large/film-184890147._CB470041630_.png,731,Harry Potter and the Deathly Hallows: Part 1,/title/tt0926084/,2010,7.7
https://m.media-amazon.com/images/G/01/imdb/images/nopicture/large/film-184890147._CB470041630_.png,732,Ponyo,/title/tt0876563/,2008,7.7
https://m.media-amazon.com/images/G/01/imdb/images/nopicture/large/film-184890147._CB470041630_.png,733,Frost/Nixon,/title/tt0870111/,2008,7.7
https://m.media-amazon.com/images/G/01/imdb/images/nopicture/large/film-184890147._CB470041630_.png,734,Paprika,/title/tt0851578/,2006,7.7
https://m.media-amazon.com/images/G/01/imdb/images/nopicture/large/film-184890147._CB470041630_.png,735,Changeling,/title/tt0824747/,2008,7.7
https://m.media-amazon.com/images/G/01/imdb/images/nopicture/large/film-184890147._CB470041630_.png,736,Flipped,/title/tt0817177/,I 2010,7.7
https://m.media-amazon.com/images/G/01/imdb/images/nopicture/large/film-184890147._CB470041630_.png,737,Death Note,/title/tt0758742/,2006,7.7
https://m.media-amazon.com/images/G/01/imdb/images/nopicture/large/film-184890147._CB470041630_.png,738,This Is England,/title/tt0480025/,2006,7.7
https://m.media-amazon.com/images/G/01/imdb/images/nopicture/large/film-184890147._CB470041630_.png,739,Ex Machina,/title/tt0470752/,2014,7.7
https://m.media-amazon.com/images/G/01/imdb/images/nopicture/large/film-184890147._CB470041630_.png,740,After the Wedding,/title/tt0457655/,2006,7.7
https://m.media-amazon.com/images/G/01/imdb/images/nopicture/large/film-184890147._CB470041630_.png,741,The Last King of Scotland,/title/tt0455590/,2006,7.7
https://m.media-amazon.com/images/G/01/imdb/images/nopicture/large/film-184890147._CB470041630_.png,742,Zodiac,/title/tt0443706/,2007,7.7
https://m.media-amazon.com/images/G/01/imdb/images/nopicture/large/film-184890147._CB470041630_.png,743,Lucky Number Slevin,/title/tt0425210/,2006,7.7
https://m.media-amazon.com/images/G/01/imdb/images/nopicture/large/film-184890147._CB470041630_.png,744,Joyeux Noel,/title/tt0424205/,2005,7.7
https://m.media-amazon.com/images/G/01/imdb/images/nopicture/large/film-184890147._CB470041630_.png,745,Control,/title/tt0421082/,2007,7.7
https://m.media-amazon.com/images/G/01/imdb/images/nopicture/large/film-184890147._CB470041630_.png,746,Tangled,/title/tt0398286/,2010,7.7
https://m.media-amazon.com/images/G/01/imdb/images/nopicture/large/film-184890147._CB470041630_.png,747,Black Book,/title/tt0389557/,2006,7.7
https://m.media-amazon.com/images/G/01/imdb/images/nopicture/large/film-184890147._CB470041630_.png,748,Brokeback Mountain,/title/tt0388795/,2005,7.7
https://m.media-amazon.com/images/G/01/imdb/images/nopicture/large/film-184890147._CB470041630_.png,749,3:10 to Yuma,/title/tt0381849/,2007,7.7
https://m.media-amazon.com/images/G/01/imdb/images/nopicture/large/film-184890147._CB470041630_.png,750,Kung Fu Hustle,/title/tt0373074/,2004,7.7
https://m.media-amazon.com/images/G/01/imdb/images/nopicture/large/film-184890147._CB470041630_.png,751,The Bourne Supremacy,/title/tt0372183/,2004,7.7
https://m.media-amazon.com/images/G/01/imdb/images/nopicture/large/film-184890147._CB470041630_.png,752,The Machinist,/title/tt0361862/,2004,7.7
https://m.media-amazon.com/images/G/01/imdb/images/nopicture/large/film-184890147._CB470041630_.png,753,Ray,/title/tt0350258/,I 2004,7.7
https://m.media-amazon.com/images/G/01/imdb/images/nopicture/large/film-184890147._CB470041630_.png,754,Lost in Translation,/title/tt0335266/,2003,7.7
https://m.media-amazon.com/images/G/01/imdb/images/nopicture/large/film-184890147._CB470041630_.png,755,Harry Potter and the Goblet of Fire,/title/tt0330373/,2005,7.7
https://m.media-amazon.com/images/G/01/imdb/images/nopicture/large/film-184890147._CB470041630_.png,756,Man on Fire,/title/tt0328107/,2004,7.7
https://m.media-amazon.com/images/G/01/imdb/images/nopicture/large/film-184890147._CB470041630_.png,757,Coraline,/title/tt0327597/,2009,7.7
https://m.media-amazon.com/images/G/01/imdb/images/nopicture/large/film-184890147._CB470041630_.png,758,The Last Samurai,/title/tt0325710/,2003,7.7
https://m.media-amazon.com/images/G/01/imdb/images/nopicture/large/film-184890147._CB470041630_.png,759,The Magdalene Sisters,/title/tt0318411/,2002,7.7
https://m.media-amazon.com/images/G/01/imdb/images/nopicture/large/film-184890147._CB470041630_.png,760,21 Grams,/title/tt0315733/,2003,7.7
https://m.media-amazon.com/images/G/01/imdb/images/nopicture/large/film-184890147._CB470041630_.png,761,Finding Neverland,/title/tt0308644/,2004,7.7
https://m.media-amazon.com/images/G/01/imdb/images/nopicture/large/film-184890147._CB470041630_.png,762,Good Bye Lenin!,/title/tt0301357/,2003,7.7
https://m.media-amazon.com/images/G/01/imdb/images/nopicture/large/film-184890147._CB470041630_.png,763,In America,/title/tt0298845/,2002,7.7
https://m.media-amazon.com/images/G/01/imdb/images/nopicture/large/film-184890147._CB470041630_.png,764,Adaptation.,/title/tt0268126/,2002,7.7
https://m.media-amazon.com/images/G/01/imdb/images/nopicture/large/film-184890147._CB470041630_.png,765,Black Hawk Down,/title/tt0265086/,2001,7.7
https://m.media-amazon.com/images/G/01/imdb/images/nopicture/large/film-184890147._CB470041630_.png,766,Road to Perdition,/title/tt0257044/,2002,7.7
https://m.media-amazon.com/images/G/01/imdb/images/nopicture/large/film-184890147._CB470041630_.png,767,The Experiment,/title/tt0250258/,2001,7.7
https://m.media-amazon.com/images/G/01/imdb/images/nopicture/large/film-184890147._CB470041630_.png,768,Billy Elliot,/title/tt0249462/,2000,7.7
https://m.media-amazon.com/images/G/01/imdb/images/nopicture/large/film-184890147._CB470041630_.png,769,Hedwig and the Angry Inch,/title/tt0248845/,2001,7.7
https://m.media-amazon.com/images/G/01/imdb/images/nopicture/large/film-184890147._CB470041630_.png,770,Vampire Hunter D: Bloodlust,/title/tt0216651/,2000,7.7
https://m.media-amazon.com/images/G/01/imdb/images/nopicture/large/film-184890147._CB470041630_.png,771,"O Brother, Where Art Thou?",/title/tt0190590/,2000,7.7
https://m.media-amazon.com/images/G/01/imdb/images/nopicture/large/film-184890147._CB470041630_.png,772,Interstate 60: Episodes of the Road,/title/tt0165832/,2002,7.7
https://m.media-amazon.com/images/G/01/imdb/images/nopicture/large/film-184890147._CB470041630_.png,773,"South Park: Bigger, Longer & Uncut",/title/tt0158983/,1999,7.7
https://m.media-amazon.com/images/G/01/imdb/images/nopicture/large/film-184890147._CB470041630_.png,774,Office Space,/title/tt0151804/,1999,7.7
https://m.media-amazon.com/images/G/01/imdb/images/nopicture/large/film-184890147._CB470041630_.png,775,Happiness,/title/tt0147612/,1998,7.7
https://m.media-amazon.com/images/G/01/imdb/images/nopicture/large/film-184890147._CB470041630_.png,776,Training Day,/title/tt0139654/,2001,7.7
https://m.media-amazon.com/images/G/01/imdb/images/nopicture/large/film-184890147._CB470041630_.png,777,Run Lola Run,/title/tt0130827/,1998,7.7
https://m.media-amazon.com/images/G/01/imdb/images/nopicture/large/film-184890147._CB470041630_.png,778,Rushmore,/title/tt0128445/,1998,7.7
https://m.media-amazon.com/images/G/01/imdb/images/nopicture/large/film-184890147._CB470041630_.png,779,Being John Malkovich,/title/tt0120601/,1999,7.7
https://m.media-amazon.com/images/G/01/imdb/images/nopicture/large/film-184890147._CB470041630_.png,780,As Good as It Gets,/title/tt0119822/,1997,7.7
https://m.media-amazon.com/images/G/01/imdb/images/nopicture/large/film-184890147._CB470041630_.png,781,The Fifth Element,/title/tt0119116/,1997,7.7
https://m.media-amazon.com/images/G/01/imdb/images/nopicture/large/film-184890147._CB470041630_.png,782,Le Dîner de Cons,/title/tt0119038/,1998,7.7
https://m.media-amazon.com/images/G/01/imdb/images/nopicture/large/film-184890147._CB470041630_.png,783,Donnie Brasco,/title/tt0119008/,1997,7.7
https://m.media-amazon.com/images/G/01/imdb/images/nopicture/large/film-184890147._CB470041630_.png,784,Shine,/title/tt0117631/,1996,7.7
https://m.media-amazon.com/images/G/01/imdb/images/nopicture/large/film-184890147._CB470041630_.png,785,Primal Fear,/title/tt0117381/,1996,7.7
https://m.media-amazon.com/images/G/01/imdb/images/nopicture/large/film-184890147._CB470041630_.png,786,Hamlet,/title/tt0116477/,1996,7.7
https://m.media-amazon.com/images/G/01/imdb/images/nopicture/large/film-184890147._CB470041630_.png,787,A Little Princess,/title/tt0113670/,1995,7.7
https://m.media-amazon.com/images/G/01/imdb/images/nopicture/large/film-184890147._CB470041630_.png,788,Three Colors: White,/title/tt0111507/,1994,7.7
https://m.media-amazon.com/images/G/01/imdb/images/nopicture/large/film-184890147._CB470041630_.png,789,Il Postino,/title/tt0110877/,1994,7.7
https://m.media-amazon.com/images/G/01/imdb/images/nopicture/large/film-184890147._CB470041630_.png,790,Clerks,/title/tt0109445/,1994,7.7
https://m.media-amazon.com/images/G/01/imdb/images/nopicture/large/film-184890147._CB470041630_.png,791,Short Cuts,/title/tt0108122/,1993,7.7
https://m.media-amazon.com/images/G/01/imdb/images/nopicture/large/film-184890147._CB470041630_.png,792,Philadelphia,/title/tt0107818/,1993,7.7
https://m.media-amazon.com/images/G/01/imdb/images/nopicture/large/film-184890147._CB470041630_.png,793,The Muppet Christmas Carol,/title/tt0104940/,1992,7.7
https://m.media-amazon.com/images/G/01/imdb/images/nopicture/large/film-184890147._CB470041630_.png,794,Malcolm X,/title/tt0104797/,1992,7.7
https://m.media-amazon.com/images/G/01/imdb/images/nopicture/large/film-184890147._CB470041630_.png,795,The Last of the Mohicans,/title/tt0104691/,1992,7.7
https://m.media-amazon.com/images/G/01/imdb/images/nopicture/large/film-184890147._CB470041630_.png,796,Glengarry Glen Ross,/title/tt0104348/,1992,7.7
https://m.media-amazon.com/images/G/01/imdb/images/nopicture/large/film-184890147._CB470041630_.png,797,A Few Good Men,/title/tt0104257/,1992,7.7
https://m.media-amazon.com/images/G/01/imdb/images/nopicture/large/film-184890147._CB470041630_.png,798,Fried Green Tomatoes,/title/tt0101921/,1991,7.7
https://m.media-amazon.com/images/G/01/imdb/images/nopicture/large/film-184890147._CB470041630_.png,799,Boyz n the Hood,/title/tt0101507/,1991,7.7
https://m.media-amazon.com/images/G/01/imdb/images/nopicture/large/film-184890147._CB470041630_.png,800,Barton Fink,/title/tt0101410/,1991,7.7
https://m.media-amazon.com/images/G/01/imdb/images/nopicture/large/film-184890147._CB470041630_.png,801,Who Framed Roger Rabbit,/title/tt0096438/,1988,7.7
https://m.media-amazon.com/images/G/01/imdb/images/nopicture/large/film-184890147._CB470041630_.png,802,Withnail & I,/title/tt0094336/,1987,7.7
https://m.media-amazon.com/images/G/01/imdb/images/nopicture/large/film-184890147._CB470041630_.png,803,The Last Emperor,/title/tt0093389/,1987,7.7
https://m.media-amazon.com/images/G/01/imdb/images/nopicture/large/film-184890147._CB470041630_.png,804,The Name of the Rose,/title/tt0091605/,1986,7.7
https://m.media-amazon.com/images/G/01/imdb/images/nopicture/large/film-184890147._CB470041630_.png,805,The Purple Rose of Cairo,/title/tt0089853/,1985,7.7
https://m.media-amazon.com/images/G/01/imdb/images/nopicture/large/film-184890147._CB470041630_.png,806,After Hours,/title/tt0088680/,1985,7.7
https://m.media-amazon.com/images/G/01/imdb/images/nopicture/large/film-184890147._CB470041630_.png,807,Zelig,/title/tt0086637/,1983,7.7
https://m.media-amazon.com/images/G/01/imdb/images/nopicture/large/film-184890147._CB470041630_.png,808,The Verdict,/title/tt0084855/,1982,7.7
https://m.media-amazon.com/images/G/01/imdb/images/nopicture/large/film-184890147._CB470041630_.png,809,Star Trek II: The Wrath of Khan,/title/tt0084726/,1982,7.7
https://m.media-amazon.com/images/G/01/imdb/images/nopicture/large/film-184890147._CB470041630_.png,810,First Blood,/title/tt0083944/,1982,7.7
https://m.media-amazon.com/images/G/01/imdb/images/nopicture/large/film-184890147._CB470041630_.png,811,Ordinary People,/title/tt0081283/,1980,7.7
https://m.media-amazon.com/images/G/01/imdb/images/nopicture/large/film-184890147._CB470041630_.png,812,Airplane!,/title/tt0080339/,1980,7.7
https://m.media-amazon.com/images/G/01/imdb/images/nopicture/large/film-184890147._CB470041630_.png,813,The Tenant,/title/tt0074811/,1976,7.7
https://m.media-amazon.com/images/G/01/imdb/images/nopicture/large/film-184890147._CB470041630_.png,814,Love and Death,/title/tt0073312/,1975,7.7
https://m.media-amazon.com/images/G/01/imdb/images/nopicture/large/film-184890147._CB470041630_.png,815,Blazing Saddles,/title/tt0071230/,1974,7.7
https://m.media-amazon.com/images/G/01/imdb/images/nopicture/large/film-184890147._CB470041630_.png,816,Serpico,/title/tt0070666/,1973,7.7
https://m.media-amazon.com/images/G/01/imdb/images/nopicture/large/film-184890147._CB470041630_.png,817,Enter the Dragon,/title/tt0070034/,1973,7.7
https://m.media-amazon.com/images/G/01/imdb/images/nopicture/large/film-184890147._CB470041630_.png,818,Deliverance,/title/tt0068473/,1972,7.7
https://m.media-amazon.com/images/G/01/imdb/images/nopicture/large/film-184890147._CB470041630_.png,819,"Duck, You Sucker",/title/tt0067140/,1971,7.7
https://m.media-amazon.com/images/G/01/imdb/images/nopicture/large/film-184890147._CB470041630_.png,820,The French Connection,/title/tt0067116/,1971,7.7
https://m.media-amazon.com/images/G/01/imdb/images/nopicture/large/film-184890147._CB470041630_.png,821,Dirty Harry,/title/tt0066999/,1971,7.7
https://m.media-amazon.com/images/G/01/imdb/images/nopicture/large/film-184890147._CB470041630_.png,822,Where Eagles Dare,/title/tt0065207/,1968,7.7
https://m.media-amazon.com/images/G/01/imdb/images/nopicture/large/film-184890147._CB470041630_.png,823,The Odd Couple,/title/tt0063374/,1968,7.7
https://m.media-amazon.com/images/G/01/imdb/images/nopicture/large/film-184890147._CB470041630_.png,824,Belle de Jour,/title/tt0061395/,1967,7.7
https://m.media-amazon.com/images/G/01/imdb/images/nopicture/large/film-184890147._CB470041630_.png,825,A Man for All Seasons,/title/tt0060665/,1966,7.7
https://m.media-amazon.com/images/G/01/imdb/images/nopicture/large/film-184890147._CB470041630_.png,826,Repulsion,/title/tt0059646/,1965,7.7
https://m.media-amazon.com/images/G/01/imdb/images/nopicture/large/film-184890147._CB470041630_.png,827,Zulu,/title/tt0058777/,1964,7.7
https://m.media-amazon.com/images/G/01/imdb/images/nopicture/large/film-184890147._CB470041630_.png,828,Goldfinger,/title/tt0058150/,1964,7.7
https://m.media-amazon.com/images/G/01/imdb/images/nopicture/large/film-184890147._CB470041630_.png,829,The Birds,/title/tt0056869/,1963,7.7
https://m.media-amazon.com/images/G/01/imdb/images/nopicture/large/film-184890147._CB470041630_.png,830,Breakfast at Tiffany's,/title/tt0054698/,1961,7.7
https://m.media-amazon.com/images/G/01/imdb/images/nopicture/large/film-184890147._CB470041630_.png,831,Peeping Tom,/title/tt0054167/,1960,7.7
https://m.media-amazon.com/images/G/01/imdb/images/nopicture/large/film-184890147._CB470041630_.png,832,The Magnificent Seven,/title/tt0054047/,1960,7.7
https://m.media-amazon.com/images/G/01/imdb/images/nopicture/large/film-184890147._CB470041630_.png,833,Invasion of the Body Snatchers,/title/tt0049366/,1956,7.7
https://m.media-amazon.com/images/G/01/imdb/images/nopicture/large/film-184890147._CB470041630_.png,834,Rebel Without a Cause,/title/tt0048545/,1955,7.7
https://m.media-amazon.com/images/G/01/imdb/images/nopicture/large/film-184890147._CB470041630_.png,835,Sabrina,/title/tt0047437/,1954,7.7
https://m.media-amazon.com/images/G/01/imdb/images/nopicture/large/film-184890147._CB470041630_.png,836,The Day the Earth Stood Still,/title/tt0043456/,1951,7.7
https://m.media-amazon.com/images/G/01/imdb/images/nopicture/large/film-184890147._CB470041630_.png,837,The African Queen,/title/tt0043265/,1951,7.7
https://m.media-amazon.com/images/G/01/imdb/images/nopicture/large/film-184890147._CB470041630_.png,838,Gilda,/title/tt0038559/,1946,7.7
https://m.media-amazon.com/images/G/01/imdb/images/nopicture/large/film-184890147._CB470041630_.png,839,The 39 Steps,/title/tt0026029/,1935,7.7
https://m.media-amazon.com/images/G/01/imdb/images/nopicture/large/film-184890147._CB470041630_.png,840,The Invisible Man,/title/tt0024184/,1933,7.7
https://m.media-amazon.com/images/G/01/imdb/images/nopicture/large/film-184890147._CB470041630_.png,841,Cold War,/title/tt6543652/,2018,7.6
https://m.media-amazon.com/images/G/01/imdb/images/nopicture/large/film-184890147._CB470041630_.png,842,Spider-Man: Far from Home,/title/tt6320628/,2019,7.6
https://m.media-amazon.com/images/G/01/imdb/images/nopicture/large/film-184890147._CB470041630_.png,843,Loveless,/title/tt6304162/,2017,7.6
https://m.media-amazon.com/images/G/01/imdb/images/nopicture/large/film-184890147._CB470041630_.png,844,The Florida Project,/title/tt5649144/,2017,7.6
https://m.media-amazon.com/images/G/01/imdb/images/nopicture/large/film-184890147._CB470041630_.png,845,The Big Sick,/title/tt5462602/,2017,7.6
https://m.media-amazon.com/images/G/01/imdb/images/nopicture/large/film-184890147._CB470041630_.png,846,Hotel Mumbai,/title/tt5461944/,2018,7.6
https://m.media-amazon.com/images/G/01/imdb/images/nopicture/large/film-184890147._CB470041630_.png,847,The Favourite,/title/tt5083738/,2018,7.6
https://m.media-amazon.com/images/G/01/imdb/images/nopicture/large/film-184890147._CB470041630_.png,848,Gifted,/title/tt4481414/,2017,7.6
https://m.media-amazon.com/images/G/01/imdb/images/nopicture/large/film-184890147._CB470041630_.png,849,Victoria,/title/tt4226388/,II 2015,7.6
https://m.media-amazon.com/images/G/01/imdb/images/nopicture/large/film-184890147._CB470041630_.png,850,Mustang,/title/tt3966404/,2015,7.6
https://m.media-amazon.com/images/G/01/imdb/images/nopicture/large/film-184890147._CB470041630_.png,851,Guardians of the Galaxy Vol. 2,/title/tt3896198/,2017,7.6
https://m.media-amazon.com/images/G/01/imdb/images/nopicture/large/film-184890147._CB470041630_.png,852,Baby Driver,/title/tt3890160/,2017,7.6
https://m.media-amazon.com/images/G/01/imdb/images/nopicture/large/film-184890147._CB470041630_.png,853,Bridge of Spies,/title/tt3682448/,2015,7.6
https://m.media-amazon.com/images/G/01/imdb/images/nopicture/large/film-184890147._CB470041630_.png,854,Moana,/title/tt3521164/,I 2016,7.6
https://m.media-amazon.com/images/G/01/imdb/images/nopicture/large/film-184890147._CB470041630_.png,855,Sicario,/title/tt3397884/,2015,7.6
https://m.media-amazon.com/images/G/01/imdb/images/nopicture/large/film-184890147._CB470041630_.png,856,Creed,/title/tt3076658/,II 2015,7.6
https://m.media-amazon.com/images/G/01/imdb/images/nopicture/large/film-184890147._CB470041630_.png,857,Leviathan,/title/tt2802154/,2014,7.6
https://m.media-amazon.com/images/G/01/imdb/images/nopicture/large/film-184890147._CB470041630_.png,858,Fury,/title/tt2713180/,2014,7.6
https://m.media-amazon.com/images/G/01/imdb/images/nopicture/large/film-184890147._CB470041630_.png,859,Hell or High Water,/title/tt2582782/,II 2016,7.6
https://m.media-amazon.com/images/G/01/imdb/images/nopicture/large/film-184890147._CB470041630_.png,860,Philomena,/title/tt2431286/,2013,7.6
https://m.media-amazon.com/images/G/01/imdb/images/nopicture/large/film-184890147._CB470041630_.png,861,Dawn of the Planet of the Apes,/title/tt2103281/,2014,7.6
https://m.media-amazon.com/images/G/01/imdb/images/nopicture/large/film-184890147._CB470041630_.png,862,The Body,/title/tt1937149/,2012,7.6
https://m.media-amazon.com/images/G/01/imdb/images/nopicture/large/film-184890147._CB470041630_.png,863,The Raid: Redemption,/title/tt1899353/,2011,7.6
https://m.media-amazon.com/images/G/01/imdb/images/nopicture/large/film-184890147._CB470041630_.png,864,End of Watch,/title/tt1855199/,2012,7.6
https://m.media-amazon.com/images/G/01/imdb/images/nopicture/large/film-184890147._CB470041630_.png,865,The Impossible,/title/tt1649419/,2012,7.6
https://m.media-amazon.com/images/G/01/imdb/images/nopicture/large/film-184890147._CB470041630_.png,866,The Secret World of Arrietty,/title/tt1568921/,2010,7.6
https://m.media-amazon.com/images/G/01/imdb/images/nopicture/large/film-184890147._CB470041630_.png,867,127 Hours,/title/tt1542344/,2010,7.6
https://m.media-amazon.com/images/G/01/imdb/images/nopicture/large/film-184890147._CB470041630_.png,868,13 Assassins,/title/tt1436045/,2010,7.6
https://m.media-amazon.com/images/G/01/imdb/images/nopicture/large/film-184890147._CB470041630_.png,869,The Flowers of War,/title/tt1410063/,2011,7.6
https://m.media-amazon.com/images/G/01/imdb/images/nopicture/large/film-184890147._CB470041630_.png,870,True Grit,/title/tt1403865/,2010,7.6
https://m.media-amazon.com/images/G/01/imdb/images/nopicture/large/film-184890147._CB470041630_.png,871,In a Better World,/title/tt1340107/,2010,7.6
https://m.media-amazon.com/images/G/01/imdb/images/nopicture/large/film-184890147._CB470041630_.png,872,Despicable Me,/title/tt1323594/,2010,7.6
https://m.media-amazon.com/images/G/01/imdb/images/nopicture/large/film-184890147._CB470041630_.png,873,Rise of the Planet of the Apes,/title/tt1318514/,2011,7.6
https://m.media-amazon.com/images/G/01/imdb/images/nopicture/large/film-184890147._CB470041630_.png,874,50/50,/title/tt1306980/,2011,7.6
https://m.media-amazon.com/images/G/01/imdb/images/nopicture/large/film-184890147._CB470041630_.png,875,Kick-Ass,/title/tt1250777/,2010,7.6
https://m.media-amazon.com/images/G/01/imdb/images/nopicture/large/film-184890147._CB470041630_.png,876,Cell 211,/title/tt1242422/,2009,7.6
https://m.media-amazon.com/images/G/01/imdb/images/nopicture/large/film-184890147._CB470041630_.png,877,Moneyball,/title/tt1210166/,2011,7.6
https://m.media-amazon.com/images/G/01/imdb/images/nopicture/large/film-184890147._CB470041630_.png,878,The Skin I Live In,/title/tt1189073/,2011,7.6
https://m.media-amazon.com/images/G/01/imdb/images/nopicture/large/film-184890147._CB470041630_.png,879,Zombieland,/title/tt1156398/,2009,7.6
https://m.media-amazon.com/images/G/01/imdb/images/nopicture/large/film-184890147._CB470041630_.png,880,Boy A,/title/tt1078188/,2007,7.6
https://m.media-amazon.com/images/G/01/imdb/images/nopicture/large/film-184890147._CB470041630_.png,881,The Wave,/title/tt1063669/,2008,7.6
https://m.media-amazon.com/images/G/01/imdb/images/nopicture/large/film-184890147._CB470041630_.png,882,Sherlock Holmes,/title/tt0988045/,2009,7.6
https://m.media-amazon.com/images/G/01/imdb/images/nopicture/large/film-184890147._CB470041630_.png,883,Hunger,/title/tt0986233/,2008,7.6
https://m.media-amazon.com/images/G/01/imdb/images/nopicture/large/film-184890147._CB470041630_.png,884,5 Centimeters Per Second,/title/tt0983213/,2007,7.6
https://m.media-amazon.com/images/G/01/imdb/images/nopicture/large/film-184890147._CB470041630_.png,885,The Reader,/title/tt0976051/,2008,7.6
https://m.media-amazon.com/images/G/01/imdb/images/nopicture/large/film-184890147._CB470041630_.png,886,The Hurt Locker,/title/tt0887912/,2008,7.6
https://m.media-amazon.com/images/G/01/imdb/images/nopicture/large/film-184890147._CB470041630_.png,887,The Blind Side,/title/tt0878804/,2009,7.6
https://m.media-amazon.com/images/G/01/imdb/images/nopicture/large/film-184890147._CB470041630_.png,888,The Visitor,/title/tt0857191/,I 2007,7.6
https://m.media-amazon.com/images/G/01/imdb/images/nopicture/large/film-184890147._CB470041630_.png,889,Superbad,/title/tt0829482/,2007,7.6
https://m.media-amazon.com/images/G/01/imdb/images/nopicture/large/film-184890147._CB470041630_.png,890,Seven Pounds,/title/tt0814314/,2008,7.6
https://m.media-amazon.com/images/G/01/imdb/images/nopicture/large/film-184890147._CB470041630_.png,891,Eastern Promises,/title/tt0765443/,2007,7.6
https://m.media-amazon.com/images/G/01/imdb/images/nopicture/large/film-184890147._CB470041630_.png,892,Stardust,/title/tt0486655/,2007,7.6
https://m.media-amazon.com/images/G/01/imdb/images/nopicture/large/film-184890147._CB470041630_.png,893,The Secret of Kells,/title/tt0485601/,2009,7.6
https://m.media-amazon.com/images/G/01/imdb/images/nopicture/large/film-184890147._CB470041630_.png,894,A Bittersweet Life,/title/tt0456912/,2005,7.6
https://m.media-amazon.com/images/G/01/imdb/images/nopicture/large/film-184890147._CB470041630_.png,895,Inside Man,/title/tt0454848/,2006,7.6
https://m.media-amazon.com/images/G/01/imdb/images/nopicture/large/film-184890147._CB470041630_.png,896,Gone Baby Gone,/title/tt0452623/,2007,7.6
https://m.media-amazon.com/images/G/01/imdb/images/nopicture/large/film-184890147._CB470041630_.png,897,Lady Vengeance,/title/tt0451094/,2005,7.6
https://m.media-amazon.com/images/G/01/imdb/images/nopicture/large/film-184890147._CB470041630_.png,898,La Vie En Rose,/title/tt0450188/,2007,7.6
https://m.media-amazon.com/images/G/01/imdb/images/nopicture/large/film-184890147._CB470041630_.png,899,Fearless,/title/tt0446059/,2006,7.6
https://m.media-amazon.com/images/G/01/imdb/images/nopicture/large/film-184890147._CB470041630_.png,900,The Illusionist,/title/tt0443543/,2006,7.6
https://m.media-amazon.com/images/G/01/imdb/images/nopicture/large/film-184890147._CB470041630_.png,901,Volver,/title/tt0441909/,I 2006,7.6
https://m.media-amazon.com/images/G/01/imdb/images/nopicture/large/film-184890147._CB470041630_.png,902,Thank You for Smoking,/title/tt0427944/,2005,7.6
https://m.media-amazon.com/images/G/01/imdb/images/nopicture/large/film-184890147._CB470041630_.png,903,Stranger Than Fiction,/title/tt0420223/,2006,7.6
https://m.media-amazon.com/images/G/01/imdb/images/nopicture/large/film-184890147._CB470041630_.png,904,The Kite Runner,/title/tt0419887/,2007,7.6
https://m.media-amazon.com/images/G/01/imdb/images/nopicture/large/film-184890147._CB470041630_.png,905,Dead Man's Shoes,/title/tt0419677/,2004,7.6
https://m.media-amazon.com/images/G/01/imdb/images/nopicture/large/film-184890147._CB470041630_.png,906,Harry Potter and the Half-Blood Prince,/title/tt0417741/,2009,7.6
https://m.media-amazon.com/images/G/01/imdb/images/nopicture/large/film-184890147._CB470041630_.png,907,300,/title/tt0416449/,2006,7.6
https://m.media-amazon.com/images/G/01/imdb/images/nopicture/large/film-184890147._CB470041630_.png,908,Match Point,/title/tt0416320/,2005,7.6
https://m.media-amazon.com/images/G/01/imdb/images/nopicture/large/film-184890147._CB470041630_.png,909,Watchmen,/title/tt0409459/,2009,7.6
https://m.media-amazon.com/images/G/01/imdb/images/nopicture/large/film-184890147._CB470041630_.png,910,Lord of War,/title/tt0399295/,2005,7.6
https://m.media-amazon.com/images/G/01/imdb/images/nopicture/large/film-184890147._CB470041630_.png,911,Saw,/title/tt0387564/,2004,7.6
https://m.media-amazon.com/images/G/01/imdb/images/nopicture/large/film-184890147._CB470041630_.png,912,"Synecdoche, New York",/title/tt0383028/,2008,7.6
https://m.media-amazon.com/images/G/01/imdb/images/nopicture/large/film-184890147._CB470041630_.png,913,Mysterious Skin,/title/tt0370986/,2004,7.6
https://m.media-amazon.com/images/G/01/imdb/images/nopicture/large/film-184890147._CB470041630_.png,914,Love Me If You Dare,/title/tt0364517/,2003,7.6
https://m.media-amazon.com/images/G/01/imdb/images/nopicture/large/film-184890147._CB470041630_.png,915,A Very Long Engagement,/title/tt0344510/,2004,7.6
https://m.media-amazon.com/images/G/01/imdb/images/nopicture/large/film-184890147._CB470041630_.png,916,The Station Agent,/title/tt0340377/,2003,7.6
https://m.media-amazon.com/images/G/01/imdb/images/nopicture/large/film-184890147._CB470041630_.png,917,"Love, Actually",/title/tt0314331/,2003,7.6
https://m.media-amazon.com/images/G/01/imdb/images/nopicture/large/film-184890147._CB470041630_.png,918,Sympathy for Mr. Vengeance,/title/tt0310775/,2002,7.6
https://m.media-amazon.com/images/G/01/imdb/images/nopicture/large/film-184890147._CB470041630_.png,919,25th Hour,/title/tt0307901/,2002,7.6
https://m.media-amazon.com/images/G/01/imdb/images/nopicture/large/film-184890147._CB470041630_.png,920,The Life of David Gale,/title/tt0289992/,2003,7.6
https://m.media-amazon.com/images/G/01/imdb/images/nopicture/large/film-184890147._CB470041630_.png,921,The Butterfly Effect,/title/tt0289879/,2004,7.6
https://m.media-amazon.com/images/G/01/imdb/images/nopicture/large/film-184890147._CB470041630_.png,922,28 Days Later...,/title/tt0289043/,2002,7.6
https://m.media-amazon.com/images/G/01/imdb/images/nopicture/large/film-184890147._CB470041630_.png,923,I Am Sam,/title/tt0277027/,2001,7.6
https://m.media-amazon.com/images/G/01/imdb/images/nopicture/large/film-184890147._CB470041630_.png,924,Battle Royale,/title/tt0266308/,2000,7.6
https://m.media-amazon.com/images/G/01/imdb/images/nopicture/large/film-184890147._CB470041630_.png,925,The Royal Tenenbaums,/title/tt0265666/,2001,7.6
https://m.media-amazon.com/images/G/01/imdb/images/nopicture/large/film-184890147._CB470041630_.png,926,Y Tu Mamá También,/title/tt0245574/,2001,7.6
https://m.media-amazon.com/images/G/01/imdb/images/nopicture/large/film-184890147._CB470041630_.png,927,Harry Potter and the Sorcerer's Stone,/title/tt0241527/,2001,7.6
https://m.media-amazon.com/images/G/01/imdb/images/nopicture/large/film-184890147._CB470041630_.png,928,The Others,/title/tt0230600/,2001,7.6
https://m.media-amazon.com/images/G/01/imdb/images/nopicture/large/film-184890147._CB470041630_.png,929,Blow,/title/tt0221027/,2001,7.6
https://m.media-amazon.com/images/G/01/imdb/images/nopicture/large/film-184890147._CB470041630_.png,930,Enemy at the Gates,/title/tt0215750/,2001,7.6
https://m.media-amazon.com/images/G/01/imdb/images/nopicture/large/film-184890147._CB470041630_.png,931,Traffic,/title/tt0181865/,2000,7.6
https://m.media-amazon.com/images/G/01/imdb/images/nopicture/large/film-184890147._CB470041630_.png,932,Minority Report,/title/tt0181689/,2002,7.6
https://m.media-amazon.com/images/G/01/imdb/images/nopicture/large/film-184890147._CB470041630_.png,933,The Hurricane,/title/tt0174856/,1999,7.6
https://m.media-amazon.com/images/G/01/imdb/images/nopicture/large/film-184890147._CB470041630_.png,934,American Psycho,/title/tt0144084/,2000,7.6
https://m.media-amazon.com/images/G/01/imdb/images/nopicture/large/film-184890147._CB470041630_.png,935,The Thin Red Line,/title/tt0120863/,1998,7.6
https://m.media-amazon.com/images/G/01/imdb/images/nopicture/large/film-184890147._CB470041630_.png,936,The Red Violin,/title/tt0120802/,1998,7.6
https://m.media-amazon.com/images/G/01/imdb/images/nopicture/large/film-184890147._CB470041630_.png,937,Mulan,/title/tt0120762/,1998,7.6
https://m.media-amazon.com/images/G/01/imdb/images/nopicture/large/film-184890147._CB470041630_.png,938,Fear and Loathing in Las Vegas,/title/tt0120669/,1998,7.6
https://m.media-amazon.com/images/G/01/imdb/images/nopicture/large/film-184890147._CB470041630_.png,939,Funny Games,/title/tt0119167/,1997,7.6
https://m.media-amazon.com/images/G/01/imdb/images/nopicture/large/film-184890147._CB470041630_.png,940,Dark City,/title/tt0118929/,1998,7.6
https://m.media-amazon.com/images/G/01/imdb/images/nopicture/large/film-184890147._CB470041630_.png,941,Sleepers,/title/tt0117665/,1996,7.6
https://m.media-amazon.com/images/G/01/imdb/images/nopicture/large/film-184890147._CB470041630_.png,942,Lost Highway,/title/tt0116922/,1997,7.6
https://m.media-amazon.com/images/G/01/imdb/images/nopicture/large/film-184890147._CB470041630_.png,943,Sense and Sensibility,/title/tt0114388/,1995,7.6
https://m.media-amazon.com/images/G/01/imdb/images/nopicture/large/film-184890147._CB470041630_.png,944,Die Hard with a Vengeance,/title/tt0112864/,1995,7.6
https://m.media-amazon.com/images/G/01/imdb/images/nopicture/large/film-184890147._CB470041630_.png,945,Dead Man,/title/tt0112817/,1995,7.6
https://m.media-amazon.com/images/G/01/imdb/images/nopicture/large/film-184890147._CB470041630_.png,946,The Bridges of Madison County,/title/tt0112579/,1995,7.6
https://m.media-amazon.com/images/G/01/imdb/images/nopicture/large/film-184890147._CB470041630_.png,947,Apollo 13,/title/tt0112384/,I 1995,7.6
https://m.media-amazon.com/images/G/01/imdb/images/nopicture/large/film-184890147._CB470041630_.png,948,Interview with the Vampire: The Vampire Chronicles,/title/tt0110148/,1994,7.6
https://m.media-amazon.com/images/G/01/imdb/images/nopicture/large/film-184890147._CB470041630_.png,949,The Crow,/title/tt0109506/,1994,7.6
https://m.media-amazon.com/images/G/01/imdb/images/nopicture/large/film-184890147._CB470041630_.png,950,The Piano,/title/tt0107822/,1993,7.6
https://m.media-amazon.com/images/G/01/imdb/images/nopicture/large/film-184890147._CB470041630_.png,951,Falling Down,/title/tt0106856/,1993,7.6
https://m.media-amazon.com/images/G/01/imdb/images/nopicture/large/film-184890147._CB470041630_.png,952,Dazed and Confused,/title/tt0106677/,1993,7.6
https://m.media-amazon.com/images/G/01/imdb/images/nopicture/large/film-184890147._CB470041630_.png,953,My Cousin Vinny,/title/tt0104952/,1992,7.6
https://m.media-amazon.com/images/G/01/imdb/images/nopicture/large/film-184890147._CB470041630_.png,954,Chaplin,/title/tt0103939/,1992,7.6
https://m.media-amazon.com/images/G/01/imdb/images/nopicture/large/film-184890147._CB470041630_.png,955,Delicatessen,/title/tt0101700/,1991,7.6
https://m.media-amazon.com/images/G/01/imdb/images/nopicture/large/film-184890147._CB470041630_.png,956,The Hunt for Red October,/title/tt0099810/,1990,7.6
https://m.media-amazon.com/images/G/01/imdb/images/nopicture/large/film-184890147._CB470041630_.png,957,Home Alone,/title/tt0099785/,1990,7.6
https://m.media-amazon.com/images/G/01/imdb/images/nopicture/large/film-184890147._CB470041630_.png,958,The Godfather: Part III,/title/tt0099674/,1990,7.6
https://m.media-amazon.com/images/G/01/imdb/images/nopicture/large/film-184890147._CB470041630_.png,959,When Harry Met Sally...,/title/tt0098635/,1989,7.6
https://m.media-amazon.com/images/G/01/imdb/images/nopicture/large/film-184890147._CB470041630_.png,960,National Lampoon's Christmas Vacation,/title/tt0097958/,1989,7.6
https://m.media-amazon.com/images/G/01/imdb/images/nopicture/large/film-184890147._CB470041630_.png,961,The Little Mermaid,/title/tt0097757/,1989,7.6
https://m.media-amazon.com/images/G/01/imdb/images/nopicture/large/film-184890147._CB470041630_.png,962,The Abyss,/title/tt0096754/,1989,7.6
https://m.media-amazon.com/images/G/01/imdb/images/nopicture/large/film-184890147._CB470041630_.png,963,The Naked Gun: From the Files of Police Squad!,/title/tt0095705/,1988,7.6
https://m.media-amazon.com/images/G/01/imdb/images/nopicture/large/film-184890147._CB470041630_.png,964,Dangerous Liaisons,/title/tt0094947/,1988,7.6
https://m.media-amazon.com/images/G/01/imdb/images/nopicture/large/film-184890147._CB470041630_.png,965,"Planes, Trains & Automobiles",/title/tt0093748/,1987,7.6
https://m.media-amazon.com/images/G/01/imdb/images/nopicture/large/film-184890147._CB470041630_.png,966,Lethal Weapon,/title/tt0093409/,1987,7.6
https://m.media-amazon.com/images/G/01/imdb/images/nopicture/large/film-184890147._CB470041630_.png,967,Indiana Jones and the Temple of Doom,/title/tt0087469/,1984,7.6
https://m.media-amazon.com/images/G/01/imdb/images/nopicture/large/film-184890147._CB470041630_.png,968,Blood Simple,/title/tt0086979/,1984,7.6
https://m.media-amazon.com/images/G/01/imdb/images/nopicture/large/film-184890147._CB470041630_.png,969,The Meaning of Life,/title/tt0085959/,1983,7.6
https://m.media-amazon.com/images/G/01/imdb/images/nopicture/large/film-184890147._CB470041630_.png,970,Sophie's Choice,/title/tt0084707/,1982,7.6
https://m.media-amazon.com/images/G/01/imdb/images/nopicture/large/film-184890147._CB470041630_.png,971,The Secret of NIMH,/title/tt0084649/,1982,7.6
https://m.media-amazon.com/images/G/01/imdb/images/nopicture/large/film-184890147._CB470041630_.png,972,On Golden Pond,/title/tt0082846/,1981,7.6
https://m.media-amazon.com/images/G/01/imdb/images/nopicture/large/film-184890147._CB470041630_.png,973,The Road Warrior,/title/tt0082694/,1981,7.6
https://m.media-amazon.com/images/G/01/imdb/images/nopicture/large/film-184890147._CB470041630_.png,974,The Warriors,/title/tt0080120/,1979,7.6
https://m.media-amazon.com/images/G/01/imdb/images/nopicture/large/film-184890147._CB470041630_.png,975,The Muppet Movie,/title/tt0079588/,1979,7.6
https://m.media-amazon.com/images/G/01/imdb/images/nopicture/large/film-184890147._CB470041630_.png,976,Escape from Alcatraz,/title/tt0079116/,1979,7.6
https://m.media-amazon.com/images/G/01/imdb/images/nopicture/large/film-184890147._CB470041630_.png,977,Watership Down,/title/tt0078480/,1978,7.6
https://m.media-amazon.com/images/G/01/imdb/images/nopicture/large/film-184890147._CB470041630_.png,978,Midnight Express,/title/tt0077928/,1978,7.6
https://m.media-amazon.com/images/G/01/imdb/images/nopicture/large/film-184890147._CB470041630_.png,979,Close Encounters of the Third Kind,/title/tt0075860/,1977,7.6
https://m.media-amazon.com/images/G/01/imdb/images/nopicture/large/film-184890147._CB470041630_.png,980,Deep Red,/title/tt0073582/,1975,7.6
https://m.media-amazon.com/images/G/01/imdb/images/nopicture/large/film-184890147._CB470041630_.png,981,Robin Hood,/title/tt0070608/,1973,7.6
https://m.media-amazon.com/images/G/01/imdb/images/nopicture/large/film-184890147._CB470041630_.png,982,And Now for Something Completely Different,/title/tt0066765/,1971,7.6
https://m.media-amazon.com/images/G/01/imdb/images/nopicture/large/film-184890147._CB470041630_.png,983,Kelly's Heroes,/title/tt0065938/,1970,7.6
https://m.media-amazon.com/images/G/01/imdb/images/nopicture/large/film-184890147._CB470041630_.png,984,The Producers,/title/tt0063462/,1967,7.6
https://m.media-amazon.com/images/G/01/imdb/images/nopicture/large/film-184890147._CB470041630_.png,985,The Jungle Book,/title/tt0061852/,1967,7.6
https://m.media-amazon.com/images/G/01/imdb/images/nopicture/large/film-184890147._CB470041630_.png,986,Blow-Up,/title/tt0060176/,1966,7.6
https://m.media-amazon.com/images/G/01/imdb/images/nopicture/large/film-184890147._CB470041630_.png,987,Pierrot le Fou,/title/tt0059592/,1965,7.6
https://m.media-amazon.com/images/G/01/imdb/images/nopicture/large/film-184890147._CB470041630_.png,988,A Hard Day's Night,/title/tt0058182/,1964,7.6
https://m.media-amazon.com/images/G/01/imdb/images/nopicture/large/film-184890147._CB470041630_.png,989,Contempt,/title/tt0057345/,1963,7.6
https://m.media-amazon.com/images/G/01/imdb/images/nopicture/large/film-184890147._CB470041630_.png,990,Lolita,/title/tt0056193/,1962,7.6
https://m.media-amazon.com/images/G/01/imdb/images/nopicture/large/film-184890147._CB470041630_.png,991,Giant,/title/tt0049261/,1956,7.6
https://m.media-amazon.com/images/G/01/imdb/images/nopicture/large/film-184890147._CB470041630_.png,992,Shane,/title/tt0046303/,1953,7.6
https://m.media-amazon.com/images/G/01/imdb/images/nopicture/large/film-184890147._CB470041630_.png,993,From Here to Eternity,/title/tt0045793/,1953,7.6
https://m.media-amazon.com/images/G/01/imdb/images/nopicture/large/film-184890147._CB470041630_.png,994,Snow White and the Seven Dwarfs,/title/tt0029583/,1937,7.6
https://m.media-amazon.com/images/G/01/imdb/images/nopicture/large/film-184890147._CB470041630_.png,995,The Town,/title/tt0840361/,2010,7.5
https://m.media-amazon.com/images/G/01/imdb/images/nopicture/large/film-184890147._CB470041630_.png,996,Kung Fu Panda,/title/tt0441773/,2008,7.5
https://m.media-amazon.com/images/G/01/imdb/images/nopicture/large/film-184890147._CB470041630_.png,997,Munich,/title/tt0408306/,2005,7.5
https://m.media-amazon.com/images/G/01/imdb/images/nopicture/large/film-184890147._CB470041630_.png,998,Gangs of New York,/title/tt0217505/,2002,7.5
https://m.media-amazon.com/images/G/01/imdb/images/nopicture/large/film-184890147._CB470041630_.png,999,RoboCop,/title/tt0093870/,1987,7.5
https://m.media-amazon.com/images/G/01/imdb/images/nopicture/large/film-184890147._CB470041630_.png,1000,The Fly,/title/tt0091064/,1986,7.5
